name,date,currency_code,local_price,dollar_ex,dollar_price,usd_raw,eur_raw,gbp_raw,jpy_raw,cny_raw,gdp_dollar,adj_price,usd_adjusted,eur_adjusted,gbp_adjusted,jpy_adjusted,cny_adjusted
United Arab Emirates,2018-01-01,AED,14.0,3.673,3.81159814865233,-0.27811,-0.21179,-0.13629,0.11063,0.20177,,,,,,,
Argentina,2018-01-01,ARS,75.0,18.9375,3.96039603960396,-0.24992,-0.18102,-0.10257,0.15399,0.24869,12493.909,3.36905306947493,0.187,0.059,0.216,0.547,0.178
Australia,2018-01-01,AUD,5.9,1.253682693,4.70613499966375,-0.10869,-0.02681,0.06641,0.37128,0.48382,51737.228,5.0742552653013,-0.064,-0.165,-0.04,0.22,-0.07
Brazil,2018-01-01,BRL,16.5,3.2279,5.11168251804579,-0.03188,0.05705,0.15831,0.48945,0.61168,8726.901,3.20536889400304,0.61,0.436,0.65,1.098,0.598
Canada,2018-01-01,CAD,6.55,1.2459,5.25724375953126,-0.00431,0.08715,0.1913,0.53186,0.65758,42224.939,4.66092692041449,0.138,0.016,0.167,0.484,0.131
Switzerland,2018-01-01,CHF,6.5,0.96085,6.76484362803768,0.28122,0.39891,0.53292,0.97115,1.13292,80345.623,6.31734833734925,0.081,-0.036,0.108,0.409,0.073
Chile,2018-01-01,CLP,2600.0,605.935,4.29088928680469,-0.18733,-0.11268,-0.02768,0.25029,0.35289,13575.996,3.41607195512207,0.268,0.131,0.3,0.653,0.259
China,2018-01-01,CNY,20.4,6.432,3.17164179104478,-0.39931,-0.34413,-0.2813,-0.07584,0.0,8123.256,3.17913928841082,0.007,-0.101,0.032,0.313,0.0
Colombia,2018-01-01,COP,10900.0,2844.12,3.83246839092584,-0.27415,-0.20748,-0.13156,0.11671,0.20835,5792.182,3.07784937194291,0.257,0.121,0.288,0.638,0.248
Costa Rica,2018-01-01,CRC,2290.0,568.53,4.02793168346437,-0.23713,-0.16706,-0.08727,0.17367,0.26998,,,,,,,
Czech Republic,2018-01-01,CZK,79.0,20.747,3.80777943799104,-0.27883,-0.21258,-0.13715,0.10952,0.20057,18507.729,3.63036580577291,0.059,-0.055,0.085,0.38,0.051
Denmark,2018-01-01,DKK,30.0,6.0827,4.93202031992372,-0.06591,0.0199,0.1176,0.4371,0.55504,53744.643,5.1614815385412,-0.036,-0.139,-0.011,0.257,-0.042
Egypt,2018-01-01,EGP,34.21,17.7,1.93276836158192,-0.63395,-0.60032,-0.56203,-0.43683,-0.39061,3684.574,2.9862695086408,-0.347,-0.417,-0.33,-0.148,-0.351
Euro area,2018-01-01,EUR,3.95,0.816826629,4.8357874973246,-0.08413,0.0,0.09579,0.40906,0.5247,35189.71087,4.35523191904584,0.121,0.0,0.149,0.461,0.113
United Kingdom,2018-01-01,GBP,3.19,0.72285673,4.41304599875552,-0.1642,-0.08742,0.0,0.28588,0.39141,40049.779,4.56641178502868,-0.025,-0.13,0.0,0.272,-0.031
Hong Kong,2018-01-01,HKD,20.5,7.819,2.62181864688579,-0.50344,-0.45783,-0.40589,-0.23605,-0.17336,43561.08,4.71898497017154,-0.439,-0.5,-0.425,-0.269,-0.443
Hungary,2018-01-01,HUF,864.0,252.14215,3.42663850530346,-0.35102,-0.2914,-0.22352,-0.00154,0.0804,12652.454,3.37594217286951,0.025,-0.086,0.05,0.336,0.017
Indonesia,2018-01-01,IDR,35750.0,13359.0,2.67609851036754,-0.49316,-0.44661,-0.39359,-0.22023,-0.15624,3604.291,2.98278104865892,-0.094,-0.192,-0.072,0.181,-0.101
India,2018-01-01,INR,180.0,63.86125,2.81861065982893,-0.46617,-0.41714,-0.3613,-0.17871,-0.11131,1741.652,2.90184558769977,-0.02,-0.125,0.005,0.278,-0.026
Israel,2018-01-01,ILS,16.5,3.43635,4.80160635558078,-0.0906,-0.00707,0.08805,0.3991,0.51392,37192.14,4.4422415460721,0.091,-0.027,0.118,0.422,0.083
Japan,2018-01-01,JPY,380.0,110.725,3.43192594265071,-0.35001,-0.29031,-0.22232,0.0,0.08207,38882.636,4.51569704282139,-0.233,-0.316,-0.214,0.0,-0.238
South Korea,2018-01-01,KRW,4400.0,1069.25,4.11503390226795,-0.22064,-0.14905,-0.06753,0.19905,0.29745,27534.841,4.0226122211276,0.033,-0.079,0.059,0.346,0.025
Sri Lanka,2018-01-01,LKR,580.0,153.8,3.77113133940182,-0.28577,-0.22016,-0.14546,0.09884,0.18902,,,,,,,
Mexico,2018-01-01,MXN,48.0,18.6635,2.57186486993329,-0.5129,-0.46816,-0.41721,-0.25061,-0.18911,8562.16,3.19821056177985,-0.188,-0.276,-0.168,0.058,-0.194
Malaysia,2018-01-01,MYR,9.0,3.954,2.27617602427921,-0.56891,-0.52931,-0.48422,-0.33676,-0.28234,9374.099,3.23349096621448,-0.289,-0.366,-0.272,-0.074,-0.294
Norway,2018-01-01,NOK,49.0,7.8501,6.24195870116304,0.18219,0.29078,0.41443,0.81879,0.96805,70553.114,5.8918438623213,0.069,-0.046,0.096,0.394,0.062
New Zealand,2018-01-01,NZD,6.2,1.374664925,4.51019000139252,-0.1458,-0.06733,0.02201,0.31419,0.42204,38277.934,4.48942150842481,0.014,-0.095,0.04,0.322,0.007
Pakistan,2018-01-01,PKR,375.0,110.505,3.39351160580969,-0.35729,-0.29825,-0.23103,-0.01119,0.06995,1440.967,2.8887802115971,0.186,0.058,0.216,0.546,0.177
Peru,2018-01-01,PEN,10.5,3.212,3.26899128268991,-0.38087,-0.324,-0.25924,-0.04748,0.03069,6203.656,3.09572875590443,0.066,-0.049,0.093,0.389,0.058
Philippines,2018-01-01,PHP,134.0,50.725,2.64169541646131,-0.49968,-0.45372,-0.40139,-0.23026,-0.16709,2926.6,2.953333993447,-0.097,-0.194,-0.074,0.177,-0.103
Poland,2018-01-01,PLN,10.1,3.40575,2.96557292813624,-0.43834,-0.38674,-0.328,-0.13589,-0.06497,12361.266,3.36328946077351,-0.11,-0.206,-0.088,0.16,-0.116
Russia,2018-01-01,RUB,130.0,56.745,2.29095074455899,-0.56611,-0.52625,-0.48087,-0.33246,-0.27768,8945.644,3.21487372319248,-0.281,-0.358,-0.263,-0.062,-0.286
Saudi Arabia,2018-01-01,SAR,12.0,3.7503,3.19974402047836,-0.39399,-0.33832,-0.27494,-0.06765,0.00886,20364.999,3.71106797273903,-0.13,-0.223,-0.108,0.134,-0.136
Sweden,2018-01-01,SEK,49.1,8.0188,6.12311068987879,0.15968,0.26621,0.3875,0.78416,0.93058,51124.76,5.04764228237614,0.224,0.093,0.255,0.596,0.216
Thailand,2018-01-01,THB,119.0,31.95,3.7245696400626,-0.29459,-0.22979,-0.15601,0.08527,0.17433,5901.747,3.08261019450702,0.22,0.088,0.25,0.59,0.211
Turkey,2018-01-01,TRY,10.75,3.8026,2.82701309630253,-0.46458,-0.4154,-0.3594,-0.17626,-0.10866,10817.406,3.29620559709602,-0.134,-0.228,-0.113,0.128,-0.14
Taiwan,2018-01-01,TWD,69.0,29.553,2.33478834636078,-0.55781,-0.51719,-0.47093,-0.31969,-0.26385,22496.997,3.80370763125255,-0.38,-0.447,-0.365,-0.192,-0.385
Ukraine,2018-01-01,UAH,47.0,28.715,1.6367752045969,-0.69,-0.66153,-0.62911,-0.52307,-0.48393,,,,,,,
Uruguay,2018-01-01,UYU,140.0,28.58,4.89853044086774,-0.07225,0.01297,0.11001,0.42734,0.54448,,,,,,,
United States of America,2018-01-01,USD,5.28,1.0,5.28,0.0,0.09186,0.19645,0.53849,0.66475,57607.613,5.32933545850173,0.0,-0.108,0.025,0.304,-0.007
Vietnam,2018-01-01,VND,65000.0,22711.5,2.86198621843559,-0.45796,-0.40817,-0.35147,-0.16607,-0.09763,,,,,,,
South Africa,2018-01-01,ZAR,30.0,12.25815,2.44735135399714,-0.53649,-0.49391,-0.44543,-0.28689,-0.22836,5302.043,3.0565518333973,-0.192,-0.279,-0.171,0.054,-0.197
United Arab Emirates,2018-07-01,AED,14.0,3.67315,3.81144249486136,-0.30827,-0.19506,-0.09928,0.08724,0.23119,,,,,,,
Argentina,2018-07-01,ARS,75.0,27.725,2.70513976555455,-0.50905,-0.4287,-0.36072,-0.22834,-0.12617,14466.552,3.20374586032998,-0.222,-0.26,-0.151,0.012,-0.192
Australia,2018-07-01,AUD,6.05,1.33985395591881,4.51541749999998,-0.1805,-0.04639,0.06709,0.28805,0.45859,55707.275,4.92075437188906,-0.154,-0.195,-0.077,0.1,-0.122
Azerbaijan,2018-07-01,AZN,3.95,1.70175,2.32114000293815,-0.57874,-0.5098,-0.45147,-0.33788,-0.25022,,,,,,,
Brazil,2018-07-01,BRL,16.9,3.83835,4.40293355217737,-0.20092,-0.07015,0.04051,0.25597,0.42225,9894.929,3.01341176743255,0.347,0.281,0.469,0.751,0.398
Canada,2018-07-01,CAD,6.65,1.31235,5.06724578047015,-0.08035,0.07015,0.1975,0.44546,0.63684,45077.388,4.47819165406495,0.043,-0.008,0.138,0.356,0.082
Switzerland,2018-07-01,CHF,6.5,0.99325,6.54417316889001,0.18769,0.38206,0.54652,0.86677,1.11393,80590.91,5.95675495542706,0.013,-0.037,0.105,0.317,0.051
Chile,2018-07-01,CLP,2640.0,651.73,4.05075721541129,-0.26484,-0.14452,-0.04272,0.1555,0.30849,15070.413,3.22888689572838,0.156,0.1,0.262,0.504,0.2
China,2018-07-01,CNY,20.5,6.622,3.09574146783449,-0.43816,-0.34621,-0.26841,-0.11692,0.0,8643.107,2.96129364552288,-0.036,-0.083,0.051,0.253,0.0
Colombia,2018-07-01,COP,11900.0,2874.07,4.14046978674841,-0.24855,-0.12558,-0.02152,0.1811,0.33747,6272.818,2.8626094787139,0.333,0.268,0.455,0.734,0.384
Costa Rica,2018-07-01,CRC,2290.0,567.8,4.03311025008806,-0.26804,-0.14825,-0.04689,0.15047,0.30279,,,,,,,
Czech Republic,2018-07-01,CZK,75.0,22.06475,3.39908677868546,-0.38311,-0.28215,-0.19672,-0.03039,0.09799,20152.408,3.44046972056636,-0.089,-0.134,-0.006,0.184,-0.055
Denmark,2018-07-01,DKK,30.0,6.3591,4.71764872387602,-0.1438,-0.00368,0.11488,0.34574,0.52392,56444.103,4.95143133037873,-0.122,-0.164,-0.042,0.142,-0.089
Egypt,2018-07-01,EGP,31.37,17.905,1.7520245741413,-0.68203,-0.62999,-0.58596,-0.50022,-0.43405,2500.772,2.70556482438055,-0.403,-0.432,-0.349,-0.224,-0.381
Euro area,2018-07-01,EUR,4.04,0.853205921249094,4.735082,-0.14064,0.0,0.119,0.35071,0.52955,37250.2902759764,4.15231973826577,0.051,0.0,0.147,0.367,0.091
United Kingdom,2018-07-01,GBP,3.19,0.753863550697324,4.231535,-0.23203,-0.10634,0.0,0.20707,0.36689,39734.592,4.25575068940185,-0.084,-0.128,0.0,0.192,-0.049
Guatemala,2018-07-01,GTQ,25.0,7.4871,3.33907654499072,-0.394,-0.29482,-0.21091,-0.04751,0.0786,,,,,,,
Hong Kong,2018-07-01,HKD,20.0,7.84825,2.54833880164368,-0.53751,-0.46182,-0.39777,-0.27307,-0.17682,46109.124,4.52114675680847,-0.48,-0.506,-0.433,-0.324,-0.461
Honduras,2018-07-01,HNL,85.0,23.9926,3.54275901736369,-0.35703,-0.25181,-0.16277,0.01059,0.1444,,,,,,,
Croatia,2018-07-01,HRK,21.0,6.31275,3.32660092669597,-0.39626,-0.29746,-0.21385,-0.05107,0.07457,,,,,,,
Hungary,2018-07-01,HUF,850.0,276.4302,3.07491728472504,-0.44194,-0.35061,-0.27333,-0.12286,-0.00673,15531.209,3.24807158980109,-0.127,-0.17,-0.048,0.135,-0.094
Indonesia,2018-07-01,IDR,31500.0,14360.0,2.19359331476323,-0.60189,-0.53674,-0.48161,-0.37426,-0.29142,3875.771,2.7628112743612,-0.268,-0.304,-0.201,-0.048,-0.241
India,2018-07-01,INR,173.0,68.825,2.51362150381402,-0.54381,-0.46915,-0.40598,-0.28297,-0.18804,1982.702,2.68399559535459,-0.137,-0.179,-0.058,0.123,-0.104
Israel,2018-07-01,ILS,17.0,3.6349,4.67688244518419,-0.1512,-0.01229,0.10524,0.33411,0.51075,40258.361,4.27755718952287,0.008,-0.041,0.1,0.31,0.046
Jordan,2018-07-01,JOD,1.95,0.71005,2.74628547285402,-0.50158,-0.42001,-0.351,-0.2166,-0.11288,,,,,,,
Japan,2018-07-01,JPY,390.0,111.25,3.50561797752809,-0.36377,-0.25965,-0.17155,0.0,0.1324,38439.517,4.20183178021814,-0.231,-0.268,-0.161,0.0,-0.202
South Korea,2018-07-01,KRW,4500.0,1116.0,4.03225806451613,-0.26819,-0.14843,-0.04709,0.15023,0.30252,29891.255,3.84593504647181,-0.034,-0.081,0.054,0.257,0.003
Kuwait,2018-07-01,KWD,1.05,0.3025,3.47107438016529,-0.37004,-0.26695,-0.17971,-0.00985,0.12124,,,,,,,
Lebanon,2018-07-01,LBP,6500.0,1511.0,4.3017868960953,-0.21928,-0.09151,0.0166,0.22711,0.38958,,,,,,,
Sri Lanka,2018-07-01,LKR,580.0,159.27,3.64161486783449,-0.33909,-0.23093,-0.13941,0.03879,0.17633,,,,,,,
Moldova,2018-07-01,MDL,43.0,16.6526,2.58217935937932,-0.53136,-0.45467,-0.38978,-0.26342,-0.16589,,,,,,,
Mexico,2018-07-01,MXN,49.0,19.0515,2.57197595989817,-0.53322,-0.45683,-0.39219,-0.26633,-0.16919,9304.174,2.98881638477531,-0.207,-0.245,-0.135,0.031,-0.177
Malaysia,2018-07-01,MYR,8.45,4.0225,2.10068365444375,-0.61875,-0.55636,-0.50356,-0.40077,-0.32143,9812.8,3.00999242407997,-0.357,-0.388,-0.298,-0.163,-0.332
Nicaragua,2018-07-01,NIO,103.0,31.5872,3.26081450714213,-0.4082,-0.31135,-0.2294,-0.06983,0.05332,,,,,,,
Norway,2018-07-01,NOK,42.0,8.0415,5.22290617422123,-0.0521,0.10302,0.23428,0.48987,0.68713,74940.62,5.72151184335124,-0.159,-0.199,-0.082,0.094,-0.127
New Zealand,2018-07-01,NZD,6.2,1.46434324205594,4.23397999999999,-0.23158,-0.10583,0.00058,0.20777,0.36768,41593.062,4.33312588014419,-0.099,-0.143,-0.017,0.171,-0.065
Oman,2018-07-01,OMR,1.05,0.385,2.72727272727273,-0.50503,-0.42403,-0.35549,-0.22203,-0.11902,,,,,,,
Pakistan,2018-07-01,PKR,375.0,121.49,3.08667380031278,-0.43981,-0.34813,-0.27055,-0.11951,-0.00293,1541.08,2.66560918799476,0.067,0.015,0.165,0.388,0.108
Peru,2018-07-01,PEN,10.5,3.2715,3.20953690967446,-0.41751,-0.32218,-0.24152,-0.08446,0.03676,6762.192,2.88298398386833,0.026,-0.024,0.12,0.334,0.065
Philippines,2018-07-01,PHP,140.0,53.487,2.61745844784714,-0.52496,-0.44722,-0.38144,-0.25335,-0.1545,2976.307,2.72536315920956,-0.115,-0.158,-0.034,0.151,-0.081
Poland,2018-07-01,PLN,10.1,3.68695,2.73939163807483,-0.50283,-0.42147,-0.35262,-0.21857,-0.11511,13822.619,3.17693647481378,-0.205,-0.244,-0.133,0.034,-0.175
Qatar,2018-07-01,QAR,12.0,3.641,3.29579785773139,-0.40185,-0.30396,-0.22113,-0.05985,0.06462,,,,,,,
Romania,2018-07-01,RON,9.2,3.97325,2.31548480463097,-0.57977,-0.51099,-0.4528,-0.33949,-0.25204,,,,,,,
Russia,2018-07-01,RUB,130.0,62.14065,2.09202832606353,-0.62032,-0.55819,-0.50561,-0.40324,-0.32422,10608.159,3.04310625122468,-0.366,-0.397,-0.309,-0.176,-0.342
Saudi Arabia,2018-07-01,SAR,12.0,3.7504,3.19965870307167,-0.4193,-0.32427,-0.24385,-0.08728,0.03357,21120.481,3.48077428993122,-0.153,-0.194,-0.076,0.102,-0.121
Sweden,2018-07-01,SEK,51.0,8.7526,5.82684002467838,0.0575,0.23057,0.377,0.66214,0.88221,53217.627,4.81710083490363,0.115,0.061,0.217,0.45,0.157
Thailand,2018-07-01,THB,119.0,33.17,3.5875791377751,-0.3489,-0.24234,-0.15218,0.02338,0.15888,6590.638,2.8758415368702,0.15,0.094,0.255,0.495,0.193
Turkey,2018-07-01,TRY,10.75,4.70625,2.28419654714475,-0.58545,-0.5176,-0.4602,-0.34842,-0.26215,10511.996,3.03910261895332,-0.307,-0.341,-0.244,-0.099,-0.281
Taiwan,2018-07-01,TWD,69.0,30.3725,2.27179191703021,-0.5877,-0.52022,-0.46313,-0.35196,-0.26616,24576.665,3.62466840511233,-0.422,-0.45,-0.37,-0.249,-0.4
Ukraine,2018-07-01,UAH,50.0,26.199,1.90846978892324,-0.65364,-0.59695,-0.54899,-0.4556,-0.38352,,,,,,,
Uruguay,2018-07-01,UYU,140.0,31.31,4.47141488342383,-0.18849,-0.05568,0.05669,0.2755,0.44438,,,,,,,
United States of America,2018-07-01,USD,5.51,1.0,5.51,0.0,0.16365,0.30213,0.57176,0.77986,59501.114,5.07870635188913,0.0,-0.049,0.091,0.3,0.038
Vietnam,2018-07-01,VND,65000.0,23039.5,2.82124178042058,-0.48798,-0.40418,-0.33328,-0.19522,-0.08867,,,,,,,
South Africa,2018-07-01,ZAR,31.0,13.3619,2.32002933714517,-0.57894,-0.51003,-0.45173,-0.3382,-0.25057,6179.87,2.85873969914839,-0.252,-0.288,-0.184,-0.027,-0.224
Andorra,2018-01-01,EUR,3.95,0.816826629,4.8357874973246,-0.08413,0.0,0.09579,0.40906,0.5247,35189.71087,4.35523191904584,0.121,0.0,0.149,0.461,0.113
Spain,2018-01-01,EUR,3.95,0.816826629,4.8357874973246,-0.08413,0.0,0.09579,0.40906,0.5247,35189.71087,4.35523191904584,0.121,0.0,0.149,0.461,0.113
Guadeloupe,2018-01-01,EUR,3.95,0.816826629,4.8357874973246,-0.08413,0.0,0.09579,0.40906,0.5247,35189.71087,4.35523191904584,0.121,0.0,0.149,0.461,0.113
Ireland,2018-01-01,EUR,3.95,0.816826629,4.8357874973246,-0.08413,0.0,0.09579,0.40906,0.5247,35189.71087,4.35523191904584,0.121,0.0,0.149,0.461,0.113
Italy,2018-01-01,EUR,3.95,0.816826629,4.8357874973246,-0.08413,0.0,0.09579,0.40906,0.5247,35189.71087,4.35523191904584,0.121,0.0,0.149,0.461,0.113
Austria,2018-01-01,EUR,3.95,0.816826629,4.8357874973246,-0.08413,0.0,0.09579,0.40906,0.5247,35189.71087,4.35523191904584,0.121,0.0,0.149,0.461,0.113
Greece,2018-01-01,EUR,3.95,0.816826629,4.8357874973246,-0.08413,0.0,0.09579,0.40906,0.5247,35189.71087,4.35523191904584,0.121,0.0,0.149,0.461,0.113
Croatia,2018-01-01,EUR,3.95,0.816826629,4.8357874973246,-0.08413,0.0,0.09579,0.40906,0.5247,35189.71087,4.35523191904584,0.121,0.0,0.149,0.461,0.113
Cyprus,2018-01-01,EUR,3.95,0.816826629,4.8357874973246,-0.08413,0.0,0.09579,0.40906,0.5247,35189.71087,4.35523191904584,0.121,0.0,0.149,0.461,0.113
Latvia,2018-01-01,EUR,3.95,0.816826629,4.8357874973246,-0.08413,0.0,0.09579,0.40906,0.5247,35189.71087,4.35523191904584,0.121,0.0,0.149,0.461,0.113
Lithuania,2018-01-01,EUR,3.95,0.816826629,4.8357874973246,-0.08413,0.0,0.09579,0.40906,0.5247,35189.71087,4.35523191904584,0.121,0.0,0.149,0.461,0.113
Luxembourg,2018-01-01,EUR,3.95,0.816826629,4.8357874973246,-0.08413,0.0,0.09579,0.40906,0.5247,35189.71087,4.35523191904584,0.121,0.0,0.149,0.461,0.113
Malta,2018-01-01,EUR,3.95,0.816826629,4.8357874973246,-0.08413,0.0,0.09579,0.40906,0.5247,35189.71087,4.35523191904584,0.121,0.0,0.149,0.461,0.113
Martinique,2018-01-01,EUR,3.95,0.816826629,4.8357874973246,-0.08413,0.0,0.09579,0.40906,0.5247,35189.71087,4.35523191904584,0.121,0.0,0.149,0.461,0.113
Mayotte,2018-01-01,EUR,3.95,0.816826629,4.8357874973246,-0.08413,0.0,0.09579,0.40906,0.5247,35189.71087,4.35523191904584,0.121,0.0,0.149,0.461,0.113
Monaco,2018-01-01,EUR,3.95,0.816826629,4.8357874973246,-0.08413,0.0,0.09579,0.40906,0.5247,35189.71087,4.35523191904584,0.121,0.0,0.149,0.461,0.113
France,2018-01-01,EUR,3.95,0.816826629,4.8357874973246,-0.08413,0.0,0.09579,0.40906,0.5247,35189.71087,4.35523191904584,0.121,0.0,0.149,0.461,0.113
French Guiana,2018-01-01,EUR,3.95,0.816826629,4.8357874973246,-0.08413,0.0,0.09579,0.40906,0.5247,35189.71087,4.35523191904584,0.121,0.0,0.149,0.461,0.113
Saint Pierre and Miquelon,2018-01-01,EUR,3.95,0.816826629,4.8357874973246,-0.08413,0.0,0.09579,0.40906,0.5247,35189.71087,4.35523191904584,0.121,0.0,0.149,0.461,0.113
Germany,2018-01-01,EUR,3.95,0.816826629,4.8357874973246,-0.08413,0.0,0.09579,0.40906,0.5247,35189.71087,4.35523191904584,0.121,0.0,0.149,0.461,0.113
San Marino,2018-01-01,EUR,3.95,0.816826629,4.8357874973246,-0.08413,0.0,0.09579,0.40906,0.5247,35189.71087,4.35523191904584,0.121,0.0,0.149,0.461,0.113
Slovakia,2018-01-01,EUR,3.95,0.816826629,4.8357874973246,-0.08413,0.0,0.09579,0.40906,0.5247,35189.71087,4.35523191904584,0.121,0.0,0.149,0.461,0.113
Finland,2018-01-01,EUR,3.95,0.816826629,4.8357874973246,-0.08413,0.0,0.09579,0.40906,0.5247,35189.71087,4.35523191904584,0.121,0.0,0.149,0.461,0.113
Vatican City,2018-01-01,EUR,3.95,0.816826629,4.8357874973246,-0.08413,0.0,0.09579,0.40906,0.5247,35189.71087,4.35523191904584,0.121,0.0,0.149,0.461,0.113
Estonia,2018-01-01,EUR,3.95,0.816826629,4.8357874973246,-0.08413,0.0,0.09579,0.40906,0.5247,35189.71087,4.35523191904584,0.121,0.0,0.149,0.461,0.113
French Southern and Antarctic Lands,2018-01-01,EUR,3.95,0.816826629,4.8357874973246,-0.08413,0.0,0.09579,0.40906,0.5247,35189.71087,4.35523191904584,0.121,0.0,0.149,0.461,0.113
Netherlands,2018-01-01,EUR,3.95,0.816826629,4.8357874973246,-0.08413,0.0,0.09579,0.40906,0.5247,35189.71087,4.35523191904584,0.121,0.0,0.149,0.461,0.113
Belgium,2018-01-01,EUR,3.95,0.816826629,4.8357874973246,-0.08413,0.0,0.09579,0.40906,0.5247,35189.71087,4.35523191904584,0.121,0.0,0.149,0.461,0.113
Portugal,2018-01-01,EUR,3.95,0.816826629,4.8357874973246,-0.08413,0.0,0.09579,0.40906,0.5247,35189.71087,4.35523191904584,0.121,0.0,0.149,0.461,0.113
Reunion,2018-01-01,EUR,3.95,0.816826629,4.8357874973246,-0.08413,0.0,0.09579,0.40906,0.5247,35189.71087,4.35523191904584,0.121,0.0,0.149,0.461,0.113
Slovenia,2018-01-01,EUR,3.95,0.816826629,4.8357874973246,-0.08413,0.0,0.09579,0.40906,0.5247,35189.71087,4.35523191904584,0.121,0.0,0.149,0.461,0.113
Montenegro,2018-01-01,EUR,3.95,0.816826629,4.8357874973246,-0.08413,0.0,0.09579,0.40906,0.5247,35189.71087,4.35523191904584,0.121,0.0,0.149,0.461,0.113
Andorra,2018-07-01,EUR,4.04,0.853205921249094,4.735082,-0.14064,0.0,0.119,0.35071,0.52955,37250.2902759764,4.15231973826577,0.051,0.0,0.147,0.367,0.091
Spain,2018-07-01,EUR,4.04,0.853205921249094,4.735082,-0.14064,0.0,0.119,0.35071,0.52955,37250.2902759764,4.15231973826577,0.051,0.0,0.147,0.367,0.091
Guadeloupe,2018-07-01,EUR,4.04,0.853205921249094,4.735082,-0.14064,0.0,0.119,0.35071,0.52955,37250.2902759764,4.15231973826577,0.051,0.0,0.147,0.367,0.091
Ireland,2018-07-01,EUR,4.04,0.853205921249094,4.735082,-0.14064,0.0,0.119,0.35071,0.52955,37250.2902759764,4.15231973826577,0.051,0.0,0.147,0.367,0.091
Italy,2018-07-01,EUR,4.04,0.853205921249094,4.735082,-0.14064,0.0,0.119,0.35071,0.52955,37250.2902759764,4.15231973826577,0.051,0.0,0.147,0.367,0.091
Austria,2018-07-01,EUR,4.04,0.853205921249094,4.735082,-0.14064,0.0,0.119,0.35071,0.52955,37250.2902759764,4.15231973826577,0.051,0.0,0.147,0.367,0.091
Greece,2018-07-01,EUR,4.04,0.853205921249094,4.735082,-0.14064,0.0,0.119,0.35071,0.52955,37250.2902759764,4.15231973826577,0.051,0.0,0.147,0.367,0.091
Croatia,2018-07-01,EUR,4.04,0.853205921249094,4.735082,-0.14064,0.0,0.119,0.35071,0.52955,37250.2902759764,4.15231973826577,0.051,0.0,0.147,0.367,0.091
Cyprus,2018-07-01,EUR,4.04,0.853205921249094,4.735082,-0.14064,0.0,0.119,0.35071,0.52955,37250.2902759764,4.15231973826577,0.051,0.0,0.147,0.367,0.091
Latvia,2018-07-01,EUR,4.04,0.853205921249094,4.735082,-0.14064,0.0,0.119,0.35071,0.52955,37250.2902759764,4.15231973826577,0.051,0.0,0.147,0.367,0.091
Lithuania,2018-07-01,EUR,4.04,0.853205921249094,4.735082,-0.14064,0.0,0.119,0.35071,0.52955,37250.2902759764,4.15231973826577,0.051,0.0,0.147,0.367,0.091
Luxembourg,2018-07-01,EUR,4.04,0.853205921249094,4.735082,-0.14064,0.0,0.119,0.35071,0.52955,37250.2902759764,4.15231973826577,0.051,0.0,0.147,0.367,0.091
Malta,2018-07-01,EUR,4.04,0.853205921249094,4.735082,-0.14064,0.0,0.119,0.35071,0.52955,37250.2902759764,4.15231973826577,0.051,0.0,0.147,0.367,0.091
Martinique,2018-07-01,EUR,4.04,0.853205921249094,4.735082,-0.14064,0.0,0.119,0.35071,0.52955,37250.2902759764,4.15231973826577,0.051,0.0,0.147,0.367,0.091
Mayotte,2018-07-01,EUR,4.04,0.853205921249094,4.735082,-0.14064,0.0,0.119,0.35071,0.52955,37250.2902759764,4.15231973826577,0.051,0.0,0.147,0.367,0.091
Monaco,2018-07-01,EUR,4.04,0.853205921249094,4.735082,-0.14064,0.0,0.119,0.35071,0.52955,37250.2902759764,4.15231973826577,0.051,0.0,0.147,0.367,0.091
France,2018-07-01,EUR,4.04,0.853205921249094,4.735082,-0.14064,0.0,0.119,0.35071,0.52955,37250.2902759764,4.15231973826577,0.051,0.0,0.147,0.367,0.091
French Guiana,2018-07-01,EUR,4.04,0.853205921249094,4.735082,-0.14064,0.0,0.119,0.35071,0.52955,37250.2902759764,4.15231973826577,0.051,0.0,0.147,0.367,0.091
Saint Pierre and Miquelon,2018-07-01,EUR,4.04,0.853205921249094,4.735082,-0.14064,0.0,0.119,0.35071,0.52955,37250.2902759764,4.15231973826577,0.051,0.0,0.147,0.367,0.091
Germany,2018-07-01,EUR,4.04,0.853205921249094,4.735082,-0.14064,0.0,0.119,0.35071,0.52955,37250.2902759764,4.15231973826577,0.051,0.0,0.147,0.367,0.091
San Marino,2018-07-01,EUR,4.04,0.853205921249094,4.735082,-0.14064,0.0,0.119,0.35071,0.52955,37250.2902759764,4.15231973826577,0.051,0.0,0.147,0.367,0.091
Slovakia,2018-07-01,EUR,4.04,0.853205921249094,4.735082,-0.14064,0.0,0.119,0.35071,0.52955,37250.2902759764,4.15231973826577,0.051,0.0,0.147,0.367,0.091
Finland,2018-07-01,EUR,4.04,0.853205921249094,4.735082,-0.14064,0.0,0.119,0.35071,0.52955,37250.2902759764,4.15231973826577,0.051,0.0,0.147,0.367,0.091
Vatican City,2018-07-01,EUR,4.04,0.853205921249094,4.735082,-0.14064,0.0,0.119,0.35071,0.52955,37250.2902759764,4.15231973826577,0.051,0.0,0.147,0.367,0.091
Estonia,2018-07-01,EUR,4.04,0.853205921249094,4.735082,-0.14064,0.0,0.119,0.35071,0.52955,37250.2902759764,4.15231973826577,0.051,0.0,0.147,0.367,0.091
French Southern and Antarctic Lands,2018-07-01,EUR,4.04,0.853205921249094,4.735082,-0.14064,0.0,0.119,0.35071,0.52955,37250.2902759764,4.15231973826577,0.051,0.0,0.147,0.367,0.091
Netherlands,2018-07-01,EUR,4.04,0.853205921249094,4.735082,-0.14064,0.0,0.119,0.35071,0.52955,37250.2902759764,4.15231973826577,0.051,0.0,0.147,0.367,0.091
Belgium,2018-07-01,EUR,4.04,0.853205921249094,4.735082,-0.14064,0.0,0.119,0.35071,0.52955,37250.2902759764,4.15231973826577,0.051,0.0,0.147,0.367,0.091
Portugal,2018-07-01,EUR,4.04,0.853205921249094,4.735082,-0.14064,0.0,0.119,0.35071,0.52955,37250.2902759764,4.15231973826577,0.051,0.0,0.147,0.367,0.091
Reunion,2018-07-01,EUR,4.04,0.853205921249094,4.735082,-0.14064,0.0,0.119,0.35071,0.52955,37250.2902759764,4.15231973826577,0.051,0.0,0.147,0.367,0.091
Slovenia,2018-07-01,EUR,4.04,0.853205921249094,4.735082,-0.14064,0.0,0.119,0.35071,0.52955,37250.2902759764,4.15231973826577,0.051,0.0,0.147,0.367,0.091
Montenegro,2018-07-01,EUR,4.04,0.853205921249094,4.735082,-0.14064,0.0,0.119,0.35071,0.52955,37250.2902759764,4.15231973826577,0.051,0.0,0.147,0.367,0.091
