name,date,currency_code,local_price,dollar_ex,dollar_price,usd_raw,eur_raw,gbp_raw,jpy_raw,cny_raw,gdp_dollar,adj_price,usd_adjusted,eur_adjusted,gbp_adjusted,jpy_adjusted,cny_adjusted
United Arab Emirates,2020-01-14,AED,14.75,3.67315,4.01562691422893,-0.29178,-0.12362,-0.08947,0.13302,0.28593,,,,,,,
Argentina,2020-01-14,ARS,171.0,60.0656,2.84688740310594,-0.4979,-0.37869,-0.35448,-0.19674,-0.08833,11658.22,3.13200274982223,-0.186,-0.163,-0.112,0.073,-0.111
Australia,2020-01-14,AUD,6.45,1.44906535284741,4.45114500000001,-0.21497,-0.02857,0.00928,0.25591,0.4254,56420.201,4.83214076468568,-0.175,-0.152,-0.101,0.087,-0.099
Azerbaijan,2020-01-14,AZN,3.95,1.6965,2.32832301797819,-0.58936,-0.49186,-0.47206,-0.34305,-0.2544,,,,,,,
Brazil,2020-01-14,BRL,19.9,4.1419,4.80455829450252,-0.15264,0.04856,0.08941,0.35562,0.53858,8958.576,3.02946556785529,0.42,0.46,0.549,0.871,0.551
Canada,2020-01-14,CAD,6.77,1.30655,5.18158509050553,-0.08614,0.13084,0.1749,0.462,0.65931,46290.217,4.44738632568177,0.043,0.072,0.138,0.375,0.139
Switzerland,2020-01-14,CHF,6.5,0.96825,6.7131422669765,0.18398,0.46509,0.52218,0.89414,1.14977,83161.895,5.84783688750129,0.028,0.057,0.121,0.355,0.122
Chile,2020-01-14,CLP,2640.0,772.74,3.41641431788182,-0.39746,-0.25439,-0.22534,-0.03605,0.09405,15901.725,3.29317846201341,-0.071,-0.045,0.013,0.224,0.014
China,2020-01-14,CNY,21.5,6.885,3.12273057371097,-0.44925,-0.31849,-0.29193,-0.11891,0.0,9580.239,3.05307741154768,-0.084,-0.058,-0.001,0.207,0.0
Colombia,2020-01-14,COP,11900.0,3287.625,3.61963423443976,-0.36162,-0.21004,-0.17926,0.02129,0.15912,6641.507,2.9414592508435,0.102,0.133,0.202,0.452,0.203
Costa Rica,2020-01-14,CRC,2350.0,569.965,4.12306018790628,-0.27283,-0.10017,-0.06511,0.16334,0.32034,,,,,,,
Czech Republic,2020-01-14,CZK,85.0,22.63095,3.75591833307926,-0.33758,-0.1803,-0.14836,0.05975,0.20277,23112.593,3.56705979016469,-0.057,-0.031,0.028,0.242,0.029
Denmark,2020-01-14,DKK,30.0,6.71935,4.46471756940776,-0.21257,-0.02561,0.01236,0.25974,0.42975,60897.231,5.00218616318322,-0.201,-0.178,-0.128,0.053,-0.127
Egypt,2020-01-14,EGP,42.0,15.88,2.6448362720403,-0.53354,-0.42278,-0.40029,-0.25375,-0.15304,2573.288,2.78694120628489,-0.15,-0.126,-0.073,0.12,-0.072
Euro area,2020-01-14,EUR,4.12,0.899159286067527,4.582058,-0.19188,0.0,0.03896,0.29285,0.46732,40247.3234068038,4.21786670014135,-0.027,0.0,0.061,0.282,0.062
United Kingdom,2020-01-14,GBP,3.39,0.76866904954072,4.4102205,-0.22218,-0.0375,0.0,0.24436,0.4123,42579.817,4.30645887007275,-0.083,-0.057,0.0,0.208,0.001
Guatemala,2020-01-14,GTQ,25.0,7.7063,3.2440989839482,-0.42785,-0.292,-0.26441,-0.08466,0.03887,,,,,,,
Hong Kong,2020-01-14,HKD,20.5,7.77535,2.63653726198821,-0.535,-0.4246,-0.40218,-0.25609,-0.15569,48450.607,4.52944170133485,-0.479,-0.464,-0.432,-0.313,-0.431
Honduras,2020-01-14,HNL,87.0,24.6548,3.52872462968671,-0.37765,-0.22988,-0.19988,-0.00436,0.13001,,,,,,,
Croatia,2020-01-14,HRK,22.0,6.6965,3.28529829015157,-0.42058,-0.28301,-0.25507,-0.07304,0.05206,,,,,,,
Hungary,2020-01-14,HUF,900.0,298.7502,3.01255028448517,-0.46869,-0.34253,-0.31692,-0.15,-0.03528,16484.19,3.31530149738192,-0.186,-0.164,-0.113,0.072,-0.112
Indonesia,2020-01-14,IDR,33000.0,13670.0,2.41404535479151,-0.57424,-0.47315,-0.45262,-0.31887,-0.22694,3870.562,2.83621393268844,-0.238,-0.217,-0.169,0.004,-0.168
India,2020-01-14,INR,188.0,70.87815,2.65243943302696,-0.5322,-0.42112,-0.39857,-0.2516,-0.1506,2037.692,2.76659833718334,-0.142,-0.117,-0.064,0.131,-0.063
Israel,2020-01-14,ILS,17.0,3.4595,4.91400491400492,-0.13333,0.07244,0.11423,0.38651,0.57362,41728.191,4.2741126310391,0.029,0.058,0.123,0.357,0.124
Jordan,2020-01-14,JOD,2.3,0.709,3.24400564174894,-0.42786,-0.29202,-0.26443,-0.08469,0.03884,,,,,,,
Japan,2020-01-14,JPY,390.0,110.04,3.54416575790622,-0.37493,-0.22651,-0.19637,0.0,0.13496,39303.958,4.18203603862496,-0.241,-0.22,-0.172,0.0,-0.171
South Korea,2020-01-14,KRW,4500.0,1156.1,3.89239685148344,-0.31351,-0.15051,-0.11741,0.09825,0.24647,33319.988,3.95475443380049,-0.119,-0.094,-0.039,0.161,-0.038
Kuwait,2020-01-14,KWD,1.1,0.3034,3.6255767963085,-0.36057,-0.20874,-0.17791,0.02297,0.16103,,,,,,,
Lebanon,2020-01-14,LBP,6500.0,1514.0,4.29326287978864,-0.24281,-0.06303,-0.02652,0.21136,0.37484,,,,,,,
Sri Lanka,2020-01-14,LKR,580.0,181.45,3.19647285753651,-0.43625,-0.30239,-0.27521,-0.0981,0.02361,,,,,,,
Moldova,2020-01-14,MDL,45.0,17.42,2.58323765786452,-0.5444,-0.43623,-0.41426,-0.27113,-0.17276,,,,,,,
Mexico,2020-01-14,MXN,50.0,18.8205,2.65667755904466,-0.53145,-0.4202,-0.39761,-0.25041,-0.14925,9796.976,3.06130946036892,-0.223,-0.201,-0.153,0.024,-0.152
Malaysia,2020-01-14,MYR,9.5,4.0745,2.33157442630998,-0.58879,-0.49115,-0.47132,-0.34214,-0.25335,11072.387,3.10975179194659,-0.329,-0.31,-0.268,-0.115,-0.267
Nicaragua,2020-01-14,NIO,120.0,33.8763,3.54229948370985,-0.37526,-0.22692,-0.1968,-0.00053,0.13436,,,,,,,
Norway,2020-01-14,NOK,53.0,8.87515,5.97173005526667,0.05322,0.30329,0.35407,0.68495,0.91234,81549.977,5.78661343386007,-0.076,-0.05,0.008,0.218,0.009
New Zealand,2020-01-14,NZD,6.5,1.5135462388376,4.29454999999999,-0.24258,-0.06275,-0.02623,0.21172,0.37525,41204.706,4.25422975881521,-0.096,-0.071,-0.014,0.191,-0.013
Oman,2020-01-14,OMR,1.155,0.38505,2.99961044020257,-0.47097,-0.34536,-0.31985,-0.15365,-0.03943,,,,,,,
Pakistan,2020-01-14,PKR,520.0,154.875,3.35754640839387,-0.40784,-0.26724,-0.23869,-0.05266,0.0752,1565.427,2.74866088978597,0.094,0.124,0.193,0.441,0.194
Peru,2020-01-14,PEN,11.9,3.3276,3.57615097968506,-0.36929,-0.21953,-0.18912,0.00902,0.1452,7007.171,2.95534780655927,0.084,0.114,0.182,0.428,0.183
Philippines,2020-01-14,PHP,142.0,50.58,2.80743376828786,-0.50486,-0.3873,-0.36343,-0.20787,-0.10097,3104.223,2.80710704248685,-0.104,-0.079,-0.023,0.18,-0.022
Poland,2020-01-14,PLN,11.0,3.7966,2.89732918927461,-0.48901,-0.36768,-0.34304,-0.18251,-0.07218,15425.681,3.27509748161293,-0.208,-0.186,-0.136,0.044,-0.135
Qatar,2020-01-14,QAR,13.0,3.641,3.57044767920901,-0.37029,-0.22078,-0.19042,0.00742,0.14337,,,,,,,
Romania,2020-01-14,RON,9.5,4.2982,2.21022753710856,-0.61019,-0.51763,-0.49884,-0.37638,-0.29221,,,,,,,
Russia,2020-01-14,RUB,135.0,61.4325,2.1975338786473,-0.61243,-0.5204,-0.50172,-0.37996,-0.29628,11289.439,3.11799580501657,-0.369,-0.351,-0.312,-0.168,-0.311
Saudi Arabia,2020-01-14,SAR,13.0,3.7518,3.46500346500347,-0.38889,-0.24379,-0.21432,-0.02234,0.10961,23538.94,3.58325319193176,-0.134,-0.11,-0.056,0.141,-0.055
Sweden,2020-01-14,SEK,51.5,9.4591,5.4444926050047,-0.03977,0.18822,0.23452,0.53618,0.7435,54356.073,4.7537415874834,0.026,0.054,0.118,0.351,0.12
Thailand,2020-01-14,THB,115.0,30.2775,3.79819998348609,-0.33012,-0.17107,-0.13877,0.07168,0.21631,7448.119,2.97209577974165,0.144,0.176,0.248,0.508,0.249
Turkey,2020-01-14,TRY,12.99,5.88025,2.20908974958548,-0.61039,-0.51788,-0.4991,-0.3767,-0.29258,9405.321,3.04643372119618,-0.351,-0.332,-0.292,-0.144,-0.291
Taiwan,2020-01-14,TWD,72.0,29.8845,2.40927571148923,-0.57508,-0.47419,-0.45371,-0.32021,-0.22847,25007.747,3.63904104049007,-0.407,-0.391,-0.354,-0.219,-0.353
Ukraine,2020-01-14,UAH,57.0,23.99,2.3759899958316,-0.58095,-0.48146,-0.46125,-0.32961,-0.23913,,,,,,,
Uruguay,2020-01-14,UYU,179.0,37.435,4.78162147722719,-0.15668,0.04355,0.08421,0.34915,0.53123,,,,,,,
United States of America,2020-01-14,USD,5.67,1.0,5.67,0.0,0.23744,0.28565,0.59981,0.81572,62868.917,5.07707423218924,0.0,0.028,0.091,0.318,0.092
Vietnam,2020-01-14,VND,66000.0,23176.0,2.84777355885399,-0.49775,-0.37849,-0.35428,-0.19649,-0.08805,,,,,,,
South Africa,2020-01-14,ZAR,31.0,14.391,2.15412410534362,-0.62008,-0.52988,-0.51156,-0.39221,-0.31018,6353.846,2.93053338495089,-0.342,-0.323,-0.282,-0.133,-0.281
United Arab Emirates,2020-07-01,AED,14.75,3.67295,4.0158455737214,-0.2967,-0.16094,-0.06113,0.10461,0.29608,,,,,,,
Argentina,2020-07-01,ARS,250.0,71.24065,3.50923243962541,-0.38542,-0.26679,-0.17957,-0.03474,0.13258,11658.22,3.08799693491073,0.03,0.01,0.155,0.317,0.102
Australia,2020-07-01,AUD,6.55,1.43061516452074,4.57845000000001,-0.19817,-0.04339,0.0704,0.25937,0.47766,56420.201,4.91175836227218,-0.155,-0.172,-0.052,0.081,-0.096
Azerbaijan,2020-07-01,AZN,3.95,1.699,2.32489699823426,-0.59284,-0.51424,-0.45646,-0.3605,-0.24966,,,,,,,
Brazil,2020-07-01,BRL,20.9,5.34045,3.91352788622682,-0.31462,-0.18232,-0.08505,0.07647,0.26306,8958.576,2.97800388981275,0.191,0.168,0.336,0.523,0.274
Canada,2020-07-01,CAD,6.88,1.3552,5.0767414403778,-0.1109,0.06072,0.18689,0.39643,0.63848,46290.217,4.4990269847447,0.023,0.003,0.147,0.308,0.094
Switzerland,2020-07-01,CHF,6.5,0.94125,6.90571049136786,0.20941,0.44286,0.61449,0.89951,1.22876,83161.895,6.00130956018505,0.043,0.022,0.17,0.334,0.115
Chile,2020-07-01,CLP,2740.0,787.7,3.47848165545258,-0.39081,-0.27322,-0.18676,-0.04319,0.12265,15901.725,3.26089233772624,-0.033,-0.052,0.084,0.237,0.034
China,2020-07-01,CNY,21.7,7.0035,3.09845077461269,-0.45736,-0.35262,-0.27561,-0.14773,0.0,9580.239,3.0033326392311,-0.065,-0.083,0.049,0.196,0.0
Colombia,2020-07-01,COP,11900.0,3617.01,3.2900102570908,-0.42382,-0.3126,-0.23083,-0.09504,0.06182,6641.507,2.88359830336797,0.034,0.014,0.16,0.323,0.106
Costa Rica,2020-07-01,CRC,2350.0,581.825,4.039015167791,-0.29264,-0.1561,-0.05572,0.11099,0.30356,,,,,,,
Czech Republic,2020-07-01,CZK,89.0,23.4134,3.80124202379834,-0.33428,-0.20578,-0.11131,0.04559,0.22682,23112.593,3.55468860461164,-0.031,-0.05,0.087,0.24,0.037
Denmark,2020-07-01,DKK,30.0,6.54935,4.58060723583256,-0.19779,-0.04294,0.0709,0.25996,0.47835,60897.231,5.09416839955672,-0.185,-0.201,-0.086,0.042,-0.128
Egypt,2020-07-01,EGP,42.0,15.95,2.63322884012539,-0.53884,-0.44982,-0.38438,-0.27569,-0.15015,2573.288,2.71784467217236,-0.122,-0.139,-0.015,0.123,-0.061
Euro area,2020-07-01,EUR,4.21,0.879623521132955,4.7861385,-0.1618,0.0,0.11895,0.31649,0.54469,40247.3234068038,4.25281812627348,0.02,0.0,0.144,0.305,0.091
United Kingdom,2020-07-01,GBP,3.39,0.792550029720626,4.2773325,-0.2509,-0.10631,0.0,0.17654,0.38047,42579.817,4.34785216520126,-0.108,-0.126,0.0,0.14,-0.046
Guatemala,2020-07-01,GTQ,25.0,7.693,3.24970752632263,-0.43087,-0.32102,-0.24025,-0.10612,0.04882,,,,,,,
Hong Kong,2020-07-01,HKD,20.5,7.75095,2.64483708448642,-0.53681,-0.4474,-0.38166,-0.2725,-0.1464,48450.607,4.58704891456183,-0.477,-0.488,-0.414,-0.332,-0.441
Honduras,2020-07-01,HNL,87.0,24.6907,3.52359390377754,-0.38291,-0.26379,-0.17622,-0.03079,0.13721,,,,,,,
Croatia,2020-07-01,HRK,22.0,6.6272,3.31965234186383,-0.41862,-0.3064,-0.2239,-0.08688,0.07139,,,,,,,
Hungary,2020-07-01,HUF,900.0,311.37795,2.89037807590422,-0.4938,-0.39609,-0.32426,-0.20496,-0.06715,16484.19,3.28462402198276,-0.203,-0.218,-0.106,0.02,-0.147
Indonesia,2020-07-01,IDR,34000.0,14435.0,2.35538621406304,-0.5875,-0.50787,-0.44933,-0.35212,-0.23982,3870.562,2.77070020334108,-0.23,-0.245,-0.136,-0.015,-0.176
India,2020-07-01,INR,190.0,75.1975,2.52667974334253,-0.5575,-0.47208,-0.40929,-0.305,-0.18453,2037.692,2.69602259674972,-0.151,-0.167,-0.047,0.086,-0.092
Israel,2020-07-01,ILS,17.0,3.4367,4.94660575552129,-0.13369,0.03353,0.15647,0.36063,0.59648,41728.191,4.31315390979255,0.039,0.019,0.166,0.329,0.112
Jordan,2020-07-01,JOD,2.3,0.709,3.24400564174894,-0.43187,-0.32221,-0.24158,-0.10769,0.04698,,,,,,,
Japan,2020-07-01,JPY,390.0,107.275,3.63551619669075,-0.36331,-0.24041,-0.15005,0.0,0.17333,39303.958,4.21438208295278,-0.218,-0.233,-0.123,0.0,-0.164
South Korea,2020-07-01,KRW,4500.0,1200.95,3.74703359840127,-0.34378,-0.21711,-0.12398,0.03067,0.20932,33319.988,3.97057398007887,-0.145,-0.161,-0.041,0.094,-0.085
Kuwait,2020-07-01,KWD,1.15,0.3078,3.73619233268356,-0.34568,-0.21937,-0.12651,0.02769,0.20583,,,,,,,
Lebanon,2020-07-01,LBP,9000.0,1512.0,5.95238095238095,0.04245,0.24367,0.39161,0.63729,0.92108,,,,,,,
Sri Lanka,2020-07-01,LKR,680.0,185.85,3.65886467581383,-0.35922,-0.23553,-0.14459,0.00642,0.18087,,,,,,,
Moldova,2020-07-01,MDL,47.0,17.075,2.75256222547584,-0.51794,-0.42489,-0.35648,-0.24287,-0.11163,,,,,,,
Mexico,2020-07-01,MXN,50.0,22.436,2.2285612408629,-0.60971,-0.53437,-0.47898,-0.387,-0.28075,9796.976,3.01216327120161,-0.33,-0.343,-0.248,-0.142,-0.283
Malaysia,2020-07-01,MYR,9.99,4.2655,2.34204665338178,-0.58983,-0.51066,-0.45245,-0.35579,-0.24412,11072.387,3.06412802642173,-0.307,-0.321,-0.223,-0.114,-0.259
Nicaragua,2020-07-01,NIO,120.0,34.3752,3.49088878028346,-0.38864,-0.27063,-0.18386,-0.03978,0.12666,,,,,,,
Norway,2020-07-01,NOK,52.0,9.37105,5.54900464729139,-0.0282,0.15939,0.2973,0.52633,0.7909,81549.977,5.9356343195725,-0.153,-0.169,-0.05,0.084,-0.094
New Zealand,2020-07-01,NZD,6.6,1.51779615997572,4.34840999999999,-0.23846,-0.09146,0.01662,0.19609,0.40341,41204.706,4.29182527934605,-0.082,-0.1,0.03,0.175,-0.018
Oman,2020-07-01,OMR,1.1,0.385,2.85714285714286,-0.49962,-0.40304,-0.33203,-0.2141,-0.07788,,,,,,,
Pakistan,2020-07-01,PKR,550.0,166.5,3.3033033033033,-0.42149,-0.30982,-0.22772,-0.09138,0.06611,1565.427,2.6767808502664,0.118,0.097,0.254,0.431,0.196
Peru,2020-07-01,PEN,11.9,3.4973,3.40262488205187,-0.40409,-0.28907,-0.2045,-0.06406,0.09817,7007.171,2.89849674806761,0.064,0.043,0.193,0.361,0.138
Philippines,2020-07-01,PHP,142.0,49.426,2.87298183142476,-0.49685,-0.39973,-0.32832,-0.20975,-0.07277,3104.223,2.73947684196923,-0.05,-0.068,0.066,0.216,0.017
Poland,2020-07-01,PLN,11.0,3.94345,2.78943564645171,-0.51148,-0.41718,-0.34786,-0.23273,-0.09973,15425.681,3.24149662141675,-0.22,-0.235,-0.125,-0.002,-0.166
Qatar,2020-07-01,QAR,13.0,3.641,3.57044767920901,-0.3747,-0.254,-0.16526,-0.0179,0.15233,,,,,,,
Romania,2020-07-01,RON,9.9,4.26005,2.32391638595791,-0.59301,-0.51445,-0.45669,-0.36077,-0.24997,,,,,,,
Russia,2020-07-01,RUB,135.0,70.585,1.91258766026776,-0.66505,-0.60039,-0.55286,-0.47392,-0.38273,11289.439,3.07297149260638,-0.436,-0.447,-0.367,-0.279,-0.397
Saudi Arabia,2020-07-01,SAR,14.0,3.75105,3.7322882926114,-0.34636,-0.22019,-0.12743,0.02662,0.20457,23538.94,3.57205948936474,-0.053,-0.072,0.062,0.211,0.013
Sweden,2020-07-01,SEK,52.6,9.1384,5.75593101637048,0.00804,0.20263,0.34568,0.58325,0.85768,54356.073,4.82765848681008,0.08,0.059,0.212,0.382,0.156
Thailand,2020-07-01,THB,128.0,31.385,4.0783813923849,-0.28575,-0.14788,-0.04651,0.12182,0.31626,7448.119,2.91646252920389,0.267,0.243,0.421,0.621,0.355
Turkey,2020-07-01,TRY,13.99,6.8595,2.03950725271521,-0.64282,-0.57387,-0.52318,-0.439,-0.34177,9405.321,2.9962058612328,-0.383,-0.395,-0.308,-0.211,-0.34
Taiwan,2020-07-01,TWD,72.0,29.4565,2.44428224670277,-0.57193,-0.4893,-0.42855,-0.32767,-0.21113,25007.747,3.63190388165914,-0.39,-0.402,-0.316,-0.22,-0.348
Ukraine,2020-07-01,UAH,59.0,27.13,2.17471433837081,-0.61914,-0.54562,-0.49157,-0.40181,-0.29813,,,,,,,
Uruguay,2020-07-01,UYU,189.0,43.675,4.32741843159702,-0.24213,-0.09584,0.01171,0.19032,0.39664,,,,,,,
United States of America,2020-07-01,USD,5.71,1.0,5.71,0.0,0.19303,0.33494,0.57062,0.84286,62868.917,5.17450186097499,0.0,-0.019,0.122,0.279,0.07
Vietnam,2020-07-01,VND,66000.0,23180.0,2.84728213977567,-0.50135,-0.4051,-0.33433,-0.21681,-0.08106,,,,,,,
South Africa,2020-07-01,ZAR,31.0,16.6725,1.85934922777028,-0.67437,-0.61151,-0.5653,-0.48856,-0.39991,6353.846,2.87187797678198,-0.413,-0.425,-0.342,-0.249,-0.372
Andorra,2020-01-14,EUR,4.12,0.899159286067527,4.582058,-0.19188,0.0,0.03896,0.29285,0.46732,40247.3234068038,4.21786670014135,-0.027,0.0,0.061,0.282,0.062
Spain,2020-01-14,EUR,4.12,0.899159286067527,4.582058,-0.19188,0.0,0.03896,0.29285,0.46732,40247.3234068038,4.21786670014135,-0.027,0.0,0.061,0.282,0.062
Guadeloupe,2020-01-14,EUR,4.12,0.899159286067527,4.582058,-0.19188,0.0,0.03896,0.29285,0.46732,40247.3234068038,4.21786670014135,-0.027,0.0,0.061,0.282,0.062
Ireland,2020-01-14,EUR,4.12,0.899159286067527,4.582058,-0.19188,0.0,0.03896,0.29285,0.46732,40247.3234068038,4.21786670014135,-0.027,0.0,0.061,0.282,0.062
Italy,2020-01-14,EUR,4.12,0.899159286067527,4.582058,-0.19188,0.0,0.03896,0.29285,0.46732,40247.3234068038,4.21786670014135,-0.027,0.0,0.061,0.282,0.062
Austria,2020-01-14,EUR,4.12,0.899159286067527,4.582058,-0.19188,0.0,0.03896,0.29285,0.46732,40247.3234068038,4.21786670014135,-0.027,0.0,0.061,0.282,0.062
Greece,2020-01-14,EUR,4.12,0.899159286067527,4.582058,-0.19188,0.0,0.03896,0.29285,0.46732,40247.3234068038,4.21786670014135,-0.027,0.0,0.061,0.282,0.062
Croatia,2020-01-14,EUR,4.12,0.899159286067527,4.582058,-0.19188,0.0,0.03896,0.29285,0.46732,40247.3234068038,4.21786670014135,-0.027,0.0,0.061,0.282,0.062
Cyprus,2020-01-14,EUR,4.12,0.899159286067527,4.582058,-0.19188,0.0,0.03896,0.29285,0.46732,40247.3234068038,4.21786670014135,-0.027,0.0,0.061,0.282,0.062
Latvia,2020-01-14,EUR,4.12,0.899159286067527,4.582058,-0.19188,0.0,0.03896,0.29285,0.46732,40247.3234068038,4.21786670014135,-0.027,0.0,0.061,0.282,0.062
Lithuania,2020-01-14,EUR,4.12,0.899159286067527,4.582058,-0.19188,0.0,0.03896,0.29285,0.46732,40247.3234068038,4.21786670014135,-0.027,0.0,0.061,0.282,0.062
Luxembourg,2020-01-14,EUR,4.12,0.899159286067527,4.582058,-0.19188,0.0,0.03896,0.29285,0.46732,40247.3234068038,4.21786670014135,-0.027,0.0,0.061,0.282,0.062
Malta,2020-01-14,EUR,4.12,0.899159286067527,4.582058,-0.19188,0.0,0.03896,0.29285,0.46732,40247.3234068038,4.21786670014135,-0.027,0.0,0.061,0.282,0.062
Martinique,2020-01-14,EUR,4.12,0.899159286067527,4.582058,-0.19188,0.0,0.03896,0.29285,0.46732,40247.3234068038,4.21786670014135,-0.027,0.0,0.061,0.282,0.062
Mayotte,2020-01-14,EUR,4.12,0.899159286067527,4.582058,-0.19188,0.0,0.03896,0.29285,0.46732,40247.3234068038,4.21786670014135,-0.027,0.0,0.061,0.282,0.062
Monaco,2020-01-14,EUR,4.12,0.899159286067527,4.582058,-0.19188,0.0,0.03896,0.29285,0.46732,40247.3234068038,4.21786670014135,-0.027,0.0,0.061,0.282,0.062
France,2020-01-14,EUR,4.12,0.899159286067527,4.582058,-0.19188,0.0,0.03896,0.29285,0.46732,40247.3234068038,4.21786670014135,-0.027,0.0,0.061,0.282,0.062
French Guiana,2020-01-14,EUR,4.12,0.899159286067527,4.582058,-0.19188,0.0,0.03896,0.29285,0.46732,40247.3234068038,4.21786670014135,-0.027,0.0,0.061,0.282,0.062
Saint Pierre and Miquelon,2020-01-14,EUR,4.12,0.899159286067527,4.582058,-0.19188,0.0,0.03896,0.29285,0.46732,40247.3234068038,4.21786670014135,-0.027,0.0,0.061,0.282,0.062
Germany,2020-01-14,EUR,4.12,0.899159286067527,4.582058,-0.19188,0.0,0.03896,0.29285,0.46732,40247.3234068038,4.21786670014135,-0.027,0.0,0.061,0.282,0.062
San Marino,2020-01-14,EUR,4.12,0.899159286067527,4.582058,-0.19188,0.0,0.03896,0.29285,0.46732,40247.3234068038,4.21786670014135,-0.027,0.0,0.061,0.282,0.062
Slovakia,2020-01-14,EUR,4.12,0.899159286067527,4.582058,-0.19188,0.0,0.03896,0.29285,0.46732,40247.3234068038,4.21786670014135,-0.027,0.0,0.061,0.282,0.062
Finland,2020-01-14,EUR,4.12,0.899159286067527,4.582058,-0.19188,0.0,0.03896,0.29285,0.46732,40247.3234068038,4.21786670014135,-0.027,0.0,0.061,0.282,0.062
Vatican City,2020-01-14,EUR,4.12,0.899159286067527,4.582058,-0.19188,0.0,0.03896,0.29285,0.46732,40247.3234068038,4.21786670014135,-0.027,0.0,0.061,0.282,0.062
Estonia,2020-01-14,EUR,4.12,0.899159286067527,4.582058,-0.19188,0.0,0.03896,0.29285,0.46732,40247.3234068038,4.21786670014135,-0.027,0.0,0.061,0.282,0.062
French Southern and Antarctic Lands,2020-01-14,EUR,4.12,0.899159286067527,4.582058,-0.19188,0.0,0.03896,0.29285,0.46732,40247.3234068038,4.21786670014135,-0.027,0.0,0.061,0.282,0.062
Netherlands,2020-01-14,EUR,4.12,0.899159286067527,4.582058,-0.19188,0.0,0.03896,0.29285,0.46732,40247.3234068038,4.21786670014135,-0.027,0.0,0.061,0.282,0.062
Belgium,2020-01-14,EUR,4.12,0.899159286067527,4.582058,-0.19188,0.0,0.03896,0.29285,0.46732,40247.3234068038,4.21786670014135,-0.027,0.0,0.061,0.282,0.062
Portugal,2020-01-14,EUR,4.12,0.899159286067527,4.582058,-0.19188,0.0,0.03896,0.29285,0.46732,40247.3234068038,4.21786670014135,-0.027,0.0,0.061,0.282,0.062
Reunion,2020-01-14,EUR,4.12,0.899159286067527,4.582058,-0.19188,0.0,0.03896,0.29285,0.46732,40247.3234068038,4.21786670014135,-0.027,0.0,0.061,0.282,0.062
Slovenia,2020-01-14,EUR,4.12,0.899159286067527,4.582058,-0.19188,0.0,0.03896,0.29285,0.46732,40247.3234068038,4.21786670014135,-0.027,0.0,0.061,0.282,0.062
Montenegro,2020-01-14,EUR,4.12,0.899159286067527,4.582058,-0.19188,0.0,0.03896,0.29285,0.46732,40247.3234068038,4.21786670014135,-0.027,0.0,0.061,0.282,0.062
Andorra,2020-07-01,EUR,4.21,0.879623521132955,4.7861385,-0.1618,0.0,0.11895,0.31649,0.54469,40247.3234068038,4.25281812627348,0.02,0.0,0.144,0.305,0.091
Spain,2020-07-01,EUR,4.21,0.879623521132955,4.7861385,-0.1618,0.0,0.11895,0.31649,0.54469,40247.3234068038,4.25281812627348,0.02,0.0,0.144,0.305,0.091
Guadeloupe,2020-07-01,EUR,4.21,0.879623521132955,4.7861385,-0.1618,0.0,0.11895,0.31649,0.54469,40247.3234068038,4.25281812627348,0.02,0.0,0.144,0.305,0.091
Ireland,2020-07-01,EUR,4.21,0.879623521132955,4.7861385,-0.1618,0.0,0.11895,0.31649,0.54469,40247.3234068038,4.25281812627348,0.02,0.0,0.144,0.305,0.091
Italy,2020-07-01,EUR,4.21,0.879623521132955,4.7861385,-0.1618,0.0,0.11895,0.31649,0.54469,40247.3234068038,4.25281812627348,0.02,0.0,0.144,0.305,0.091
Austria,2020-07-01,EUR,4.21,0.879623521132955,4.7861385,-0.1618,0.0,0.11895,0.31649,0.54469,40247.3234068038,4.25281812627348,0.02,0.0,0.144,0.305,0.091
Greece,2020-07-01,EUR,4.21,0.879623521132955,4.7861385,-0.1618,0.0,0.11895,0.31649,0.54469,40247.3234068038,4.25281812627348,0.02,0.0,0.144,0.305,0.091
Croatia,2020-07-01,EUR,4.21,0.879623521132955,4.7861385,-0.1618,0.0,0.11895,0.31649,0.54469,40247.3234068038,4.25281812627348,0.02,0.0,0.144,0.305,0.091
Cyprus,2020-07-01,EUR,4.21,0.879623521132955,4.7861385,-0.1618,0.0,0.11895,0.31649,0.54469,40247.3234068038,4.25281812627348,0.02,0.0,0.144,0.305,0.091
Latvia,2020-07-01,EUR,4.21,0.879623521132955,4.7861385,-0.1618,0.0,0.11895,0.31649,0.54469,40247.3234068038,4.25281812627348,0.02,0.0,0.144,0.305,0.091
Lithuania,2020-07-01,EUR,4.21,0.879623521132955,4.7861385,-0.1618,0.0,0.11895,0.31649,0.54469,40247.3234068038,4.25281812627348,0.02,0.0,0.144,0.305,0.091
Luxembourg,2020-07-01,EUR,4.21,0.879623521132955,4.7861385,-0.1618,0.0,0.11895,0.31649,0.54469,40247.3234068038,4.25281812627348,0.02,0.0,0.144,0.305,0.091
Malta,2020-07-01,EUR,4.21,0.879623521132955,4.7861385,-0.1618,0.0,0.11895,0.31649,0.54469,40247.3234068038,4.25281812627348,0.02,0.0,0.144,0.305,0.091
Martinique,2020-07-01,EUR,4.21,0.879623521132955,4.7861385,-0.1618,0.0,0.11895,0.31649,0.54469,40247.3234068038,4.25281812627348,0.02,0.0,0.144,0.305,0.091
Mayotte,2020-07-01,EUR,4.21,0.879623521132955,4.7861385,-0.1618,0.0,0.11895,0.31649,0.54469,40247.3234068038,4.25281812627348,0.02,0.0,0.144,0.305,0.091
Monaco,2020-07-01,EUR,4.21,0.879623521132955,4.7861385,-0.1618,0.0,0.11895,0.31649,0.54469,40247.3234068038,4.25281812627348,0.02,0.0,0.144,0.305,0.091
France,2020-07-01,EUR,4.21,0.879623521132955,4.7861385,-0.1618,0.0,0.11895,0.31649,0.54469,40247.3234068038,4.25281812627348,0.02,0.0,0.144,0.305,0.091
French Guiana,2020-07-01,EUR,4.21,0.879623521132955,4.7861385,-0.1618,0.0,0.11895,0.31649,0.54469,40247.3234068038,4.25281812627348,0.02,0.0,0.144,0.305,0.091
Saint Pierre and Miquelon,2020-07-01,EUR,4.21,0.879623521132955,4.7861385,-0.1618,0.0,0.11895,0.31649,0.54469,40247.3234068038,4.25281812627348,0.02,0.0,0.144,0.305,0.091
Germany,2020-07-01,EUR,4.21,0.879623521132955,4.7861385,-0.1618,0.0,0.11895,0.31649,0.54469,40247.3234068038,4.25281812627348,0.02,0.0,0.144,0.305,0.091
San Marino,2020-07-01,EUR,4.21,0.879623521132955,4.7861385,-0.1618,0.0,0.11895,0.31649,0.54469,40247.3234068038,4.25281812627348,0.02,0.0,0.144,0.305,0.091
Slovakia,2020-07-01,EUR,4.21,0.879623521132955,4.7861385,-0.1618,0.0,0.11895,0.31649,0.54469,40247.3234068038,4.25281812627348,0.02,0.0,0.144,0.305,0.091
Finland,2020-07-01,EUR,4.21,0.879623521132955,4.7861385,-0.1618,0.0,0.11895,0.31649,0.54469,40247.3234068038,4.25281812627348,0.02,0.0,0.144,0.305,0.091
Vatican City,2020-07-01,EUR,4.21,0.879623521132955,4.7861385,-0.1618,0.0,0.11895,0.31649,0.54469,40247.3234068038,4.25281812627348,0.02,0.0,0.144,0.305,0.091
Estonia,2020-07-01,EUR,4.21,0.879623521132955,4.7861385,-0.1618,0.0,0.11895,0.31649,0.54469,40247.3234068038,4.25281812627348,0.02,0.0,0.144,0.305,0.091
French Southern and Antarctic Lands,2020-07-01,EUR,4.21,0.879623521132955,4.7861385,-0.1618,0.0,0.11895,0.31649,0.54469,40247.3234068038,4.25281812627348,0.02,0.0,0.144,0.305,0.091
Netherlands,2020-07-01,EUR,4.21,0.879623521132955,4.7861385,-0.1618,0.0,0.11895,0.31649,0.54469,40247.3234068038,4.25281812627348,0.02,0.0,0.144,0.305,0.091
Belgium,2020-07-01,EUR,4.21,0.879623521132955,4.7861385,-0.1618,0.0,0.11895,0.31649,0.54469,40247.3234068038,4.25281812627348,0.02,0.0,0.144,0.305,0.091
Portugal,2020-07-01,EUR,4.21,0.879623521132955,4.7861385,-0.1618,0.0,0.11895,0.31649,0.54469,40247.3234068038,4.25281812627348,0.02,0.0,0.144,0.305,0.091
Reunion,2020-07-01,EUR,4.21,0.879623521132955,4.7861385,-0.1618,0.0,0.11895,0.31649,0.54469,40247.3234068038,4.25281812627348,0.02,0.0,0.144,0.305,0.091
Slovenia,2020-07-01,EUR,4.21,0.879623521132955,4.7861385,-0.1618,0.0,0.11895,0.31649,0.54469,40247.3234068038,4.25281812627348,0.02,0.0,0.144,0.305,0.091
Montenegro,2020-07-01,EUR,4.21,0.879623521132955,4.7861385,-0.1618,0.0,0.11895,0.31649,0.54469,40247.3234068038,4.25281812627348,0.02,0.0,0.144,0.305,0.091
