name,date,currency_code,local_price,dollar_ex,dollar_price,usd_raw,eur_raw,gbp_raw,jpy_raw,cny_raw,gdp_dollar,adj_price,usd_adjusted,eur_adjusted,gbp_adjusted,jpy_adjusted,cny_adjusted
United Arab Emirates,2016-01-01,AED,13.0,3.6731,3.53924477961395,-0.2821,-0.11497,-0.16169,0.1349,0.31881,,,,,,,
Argentina,2016-01-01,ARS,33.0,13.80925,2.3897025544472,-0.51527,-0.40242,-0.43397,-0.23371,-0.10954,12735.196,2.74447364606715,-0.247,-0.186,-0.185,0.006,-0.171
Australia,2016-01-01,AUD,5.3,1.415728746,3.74365500098421,-0.24064,-0.06385,-0.11327,0.20045,0.39498,61066.154,4.50951147296301,-0.282,-0.224,-0.223,-0.041,-0.209
Brazil,2016-01-01,BRL,13.5,4.0248,3.35420393559928,-0.31963,-0.16124,-0.20551,0.07557,0.24986,11572.7,2.70201950283219,0.074,0.161,0.161,0.434,0.182
Canada,2016-01-01,CAD,5.84,1.4092,4.14419528810673,-0.15939,0.03631,-0.0184,0.32889,0.54423,50304.025,4.11648047235812,-0.129,-0.058,-0.058,0.163,-0.041
Switzerland,2016-01-01,CHF,6.5,1.0088,6.44329896907217,0.30696,0.61123,0.52618,1.06612,1.40093,86468.355,5.43719524971354,0.025,0.108,0.109,0.369,0.129
Chile,2016-01-01,CLP,2100.0,715.215,2.93618002978125,-0.40443,-0.26577,-0.30453,-0.05848,0.09409,14479.829,2.80818732703848,-0.095,-0.022,-0.022,0.208,-0.004
China,2016-01-01,CNY,17.6,6.5582,2.68366320026837,-0.45565,-0.32892,-0.36434,-0.13945,0.0,7571.543,2.55589797434212,-0.092,-0.018,-0.018,0.213,0.0
Colombia,2016-01-01,COP,7900.0,3253.9,2.42785580380467,-0.50753,-0.39288,-0.42493,-0.22148,-0.09532,7928.061,2.56891794708856,-0.182,-0.116,-0.116,0.092,-0.1
Costa Rica,2016-01-01,CRC,2150.0,535.25,4.01681457262961,-0.18523,0.00445,-0.04857,0.28804,0.49677,,,,,,,
Czech Republic,2016-01-01,CZK,75.0,25.1442,2.98279523707257,-0.39497,-0.25411,-0.29349,-0.04353,0.11146,19526.401,2.9924872218627,-0.138,-0.068,-0.068,0.151,-0.051
Denmark,2016-01-01,DKK,30.0,6.9405,4.32245515452777,-0.12323,0.08088,0.02383,0.38605,0.61065,60947.383,4.50517397756848,-0.17,-0.103,-0.102,0.108,-0.086
Egypt,2016-01-01,EGP,16.93,7.83005,2.16218287239545,-0.56142,-0.45932,-0.48786,-0.30667,-0.19432,3303.752,2.40003902049549,-0.221,-0.157,-0.157,0.041,-0.142
Euro area,2016-01-01,EUR,3.72,0.930232558,3.99900000059985,-0.18884,0.0,-0.05279,0.28233,0.49013,40001.31716,3.74022744925321,-0.075,0.0,0.0,0.235,0.018
United Kingdom,2016-01-01,GBP,2.89,0.684532977,4.22185650232012,-0.14364,0.05573,0.0,0.35379,0.57317,45729.267,3.94941113930466,-0.075,0.0,0.0,0.235,0.018
Hong Kong,2016-01-01,HKD,19.2,7.75235,2.4766683650764,-0.49763,-0.38068,-0.41337,-0.20583,-0.07713,40032.534,3.74136748259242,-0.427,-0.381,-0.381,-0.235,-0.37
Hungary,2016-01-01,HUF,900.0,292.67905,3.07504073147702,-0.37626,-0.23105,-0.27164,-0.01395,0.14584,13869.538,2.78589961032461,-0.045,0.032,0.033,0.275,0.051
Indonesia,2016-01-01,IDR,30500.0,13947.5,2.18677182290733,-0.55644,-0.45317,-0.48204,-0.29879,-0.18515,3524.075,2.40808517652523,-0.214,-0.151,-0.151,0.049,-0.135
India,2016-01-01,INR,127.0,66.8025,1.90112645484825,-0.61438,-0.5246,-0.54969,-0.39038,-0.29159,1607.646,2.33809753676936,-0.297,-0.24,-0.239,-0.061,-0.226
Israel,2016-01-01,ILS,16.9,3.94105,4.28819730782406,-0.13018,0.07232,0.01571,0.37506,0.59789,37222.384,3.63874131389013,0.02,0.102,0.102,0.361,0.122
Japan,2016-01-01,JPY,370.0,118.645,3.11854692570273,-0.36743,-0.22017,-0.26133,0.0,0.16205,36221.812,3.60220060578886,-0.251,-0.19,-0.19,0.0,-0.175
South Korea,2016-01-01,KRW,4300.0,1197.75,3.59006470465456,-0.27179,-0.10226,-0.14965,0.1512,0.33775,27970.494,3.30086396785698,-0.059,0.017,0.017,0.256,0.036
Sri Lanka,2016-01-01,LKR,350.0,144.05,2.42971190558834,-0.50716,-0.39242,-0.42449,-0.22088,-0.09463,,,,,,,
Mexico,2016-01-01,MXN,49.0,17.43675,2.81015670924914,-0.42999,-0.29729,-0.33438,-0.09889,0.04713,10784.464,2.67323326696819,-0.091,-0.017,-0.017,0.214,0.001
Malaysia,2016-01-01,MYR,8.0,4.3925,1.82128628343768,-0.63057,-0.54456,-0.56861,-0.41598,-0.32134,11049.28,2.68290429929424,-0.413,-0.365,-0.365,-0.216,-0.353
Norway,2016-01-01,NOK,46.8,8.97465,5.21468803797363,0.05775,0.304,0.23516,0.67215,0.94312,96930.485,5.81927034120877,-0.225,-0.162,-0.162,0.035,-0.147
New Zealand,2016-01-01,NZD,5.9,1.508068165,3.91228999917255,-0.20643,-0.02168,-0.07332,0.25452,0.45782,43363.232,3.86300396991316,-0.124,-0.053,-0.053,0.17,-0.035
Pakistan,2016-01-01,PKR,300.0,104.885,2.86027553987701,-0.41982,-0.28475,-0.32251,-0.08282,0.06581,1325.79,2.32780420673155,0.063,0.149,0.149,0.419,0.17
Peru,2016-01-01,PEN,10.0,3.418,2.92568753657109,-0.40655,-0.2684,-0.30701,-0.06184,0.09018,6448.534,2.51488588919073,0.006,0.088,0.088,0.344,0.108
Philippines,2016-01-01,PHP,131.0,47.0225,2.78590036684566,-0.43491,-0.30335,-0.34012,-0.10667,0.0381,2862.38,2.38392019504757,0.011,0.093,0.093,0.35,0.113
Poland,2016-01-01,PLN,9.6,4.0477,2.37171727153692,-0.51892,-0.40692,-0.43823,-0.23948,-0.11624,14411.495,2.805691781743,-0.269,-0.209,-0.209,-0.024,-0.195
Russia,2016-01-01,RUB,114.0,74.655,1.52702431183444,-0.69026,-0.61815,-0.63831,-0.51034,-0.43099,12717.687,2.7438342205604,-0.519,-0.479,-0.479,-0.357,-0.47
Saudi Arabia,2016-01-01,SAR,12.0,3.7543,3.19633486934981,-0.35166,-0.20072,-0.24291,0.02494,0.19103,24252.173,3.16507155882712,-0.126,-0.055,-0.055,0.166,-0.038
Sweden,2016-01-01,SEK,45.0,8.60185,5.23143277318251,0.06114,0.30819,0.23913,0.67752,0.94936,58538.061,4.4171859747821,0.025,0.108,0.108,0.368,0.128
Thailand,2016-01-01,THB,112.0,36.22,3.09221424627278,-0.37278,-0.22675,-0.26757,-0.00844,0.15224,5896.361,2.49472063130383,0.072,0.159,0.16,0.432,0.18
Turkey,2016-01-01,TRY,10.25,3.0096,3.40576820839979,-0.30917,-0.14835,-0.1933,0.0921,0.26907,10381.025,2.65849974780548,0.108,0.198,0.198,0.48,0.22
Taiwan,2016-01-01,TWD,69.0,33.2315,2.07634322856326,-0.57884,-0.48078,-0.50819,-0.3342,-0.2263,22599.765,3.10472591814138,-0.421,-0.375,-0.374,-0.228,-0.363
Ukraine,2016-01-01,UAH,36.0,23.35,1.54175588865096,-0.68727,-0.61446,-0.63482,-0.50562,-0.4255,,,,,,,
Uruguay,2016-01-01,UYU,113.0,30.185,3.74358124896472,-0.24065,-0.06387,-0.11329,0.20042,0.39495,,,,,,,
United States of America,2016-01-01,USD,4.93,1.0,4.93,0.0,0.23281,0.16773,0.58086,0.83704,54369.826,4.26496278801242,0.0,0.081,0.081,0.335,0.101
Vietnam,2016-01-01,VND,60000.0,22467.5,2.67052409035273,-0.45831,-0.3322,-0.36745,-0.14366,-0.0049,,,,,,,
South Africa,2016-01-01,ZAR,28.0,15.81375,1.77061101889179,-0.64085,-0.55724,-0.58061,-0.43223,-0.34023,6482.753,2.51613556086904,-0.391,-0.342,-0.342,-0.187,-0.33
United Arab Emirates,2016-07-01,AED,13.0,3.6731,3.53924477961395,-0.29777,-0.15845,-0.10177,0.02088,0.2707,,,,,,,
Argentina,2016-07-01,ARS,50.0,14.935,3.3478406427854,-0.33575,-0.20396,-0.15034,-0.03433,0.20198,13588.846,3.12301257961869,0.021,0.004,0.176,0.198,0.116
Australia,2016-07-01,AUD,5.75,1.335737661,4.30473750039754,-0.14589,0.02357,0.09251,0.24168,0.54554,50961.865,4.60669972300758,-0.11,-0.125,0.025,0.044,-0.027
Brazil,2016-07-01,BRL,15.5,3.24145,4.78181060944948,-0.05123,0.137,0.21359,0.37929,0.71682,8669.998,2.92773717149915,0.555,0.53,0.791,0.825,0.701
Canada,2016-07-01,CAD,6.0,1.303,4.60475825019187,-0.08636,0.0949,0.16865,0.32822,0.65326,43331.961,4.30379696660753,0.019,0.002,0.173,0.195,0.114
Switzerland,2016-07-01,CHF,6.5,0.9861,6.59162356758949,0.30786,0.56733,0.67291,0.90133,1.36661,80675.308,5.78630614883362,0.085,0.067,0.249,0.273,0.186
Chile,2016-07-01,CLP,2300.0,651.12,3.53237498464185,-0.29913,-0.16008,-0.10351,0.0189,0.26824,13340.905,3.11316946595375,0.08,0.063,0.244,0.268,0.182
China,2016-07-01,CNY,18.6,6.678,2.78526504941599,-0.44737,-0.33773,-0.29312,-0.1966,0.0,7989.72,2.90073053008947,-0.086,-0.101,0.053,0.073,0.0
Colombia,2016-07-01,COP,8900.0,2929.0,3.03857972004097,-0.39711,-0.2775,-0.22883,-0.12353,0.09095,6083.51,2.82505510045401,0.024,0.007,0.18,0.202,0.12
Costa Rica,2016-07-01,CRC,2250.0,546.39,4.11793773678142,-0.18295,-0.02085,0.0451,0.1878,0.47847,,,,,,,
Czech Republic,2016-07-01,CZK,75.0,24.54655,3.05541919332859,-0.39377,-0.27349,-0.22456,-0.11868,0.09699,17256.918,3.26863290714494,-0.11,-0.124,0.025,0.044,-0.026
Denmark,2016-07-01,DKK,30.0,6.75715,4.43974160703847,-0.1191,0.05567,0.12677,0.28063,0.59401,52114.165,4.65244536360801,-0.091,-0.106,0.047,0.066,-0.006
Egypt,2016-07-01,EGP,23.0,8.87995,2.5901046740128,-0.48609,-0.38413,-0.34265,-0.25289,-0.07007,3740.249,2.73202900001228,-0.097,-0.112,0.04,0.059,-0.013
Euro area,2016-07-01,EUR,3.82,0.908306463,4.20562899815015,-0.16555,0.0,0.06736,0.2131,0.50996,34142.38535,3.93897615175432,0.017,0.0,0.171,0.193,0.112
United Kingdom,2016-07-01,GBP,2.99,0.758840492,3.94022199859098,-0.21821,-0.06311,0.0,0.13654,0.41467,43770.688,4.32121417364016,-0.132,-0.146,0.0,0.019,-0.05
Hong Kong,2016-07-01,HKD,19.2,7.7554,2.4756943549011,-0.50879,-0.41134,-0.37169,-0.2859,-0.11115,42389.63,4.26638697333091,-0.447,-0.457,-0.364,-0.352,-0.396
Hungary,2016-07-01,HUF,900.0,285.6397,3.15082252221943,-0.37484,-0.25081,-0.20034,-0.09116,0.13125,12239.894,3.06945996885827,-0.023,-0.039,0.126,0.147,0.069
Indonesia,2016-07-01,IDR,31000.0,13112.5,2.36415633937083,-0.53092,-0.43786,-0.39999,-0.31807,-0.15119,3362.357,2.71702690713909,-0.171,-0.185,-0.046,-0.028,-0.094
India,2016-07-01,INR,162.0,67.2,2.41071428571429,-0.52168,-0.42679,-0.38818,-0.30464,-0.13448,1617.309,2.64774951528063,-0.133,-0.147,-0.001,0.017,-0.052
Israel,2016-07-01,ILS,16.9,3.85875,4.37965662455458,-0.13102,0.04138,0.11153,0.26329,0.57244,35343.336,3.98665319489738,0.046,0.029,0.205,0.227,0.144
Japan,2016-07-01,JPY,370.0,106.725,3.46685406418365,-0.31213,-0.17566,-0.12014,0.0,0.24471,32485.545,3.87320055235886,-0.148,-0.162,-0.018,0.0,-0.068
South Korea,2016-07-01,KRW,4400.0,1140.95,3.85643542661817,-0.23483,-0.08303,-0.02126,0.11237,0.38458,27195.197,3.66317681005286,0.002,-0.014,0.155,0.176,0.096
Sri Lanka,2016-07-01,LKR,530.0,146.2,3.62517099863201,-0.28072,-0.13802,-0.07996,0.04567,0.30155,,,,,,,
Mexico,2016-07-01,MXN,44.0,18.535,2.37388724035608,-0.52899,-0.43555,-0.39752,-0.31526,-0.1477,9009.28,2.94120646980185,-0.231,-0.244,-0.115,-0.098,-0.159
Malaysia,2016-07-01,MYR,8.0,4.027,1.9865905140303,-0.60584,-0.52764,-0.49582,-0.42698,-0.28675,9556.774,2.96294166354904,-0.362,-0.372,-0.265,-0.251,-0.302
Norway,2016-07-01,NOK,46.8,8.49355,5.51006351878779,0.09327,0.31016,0.39841,0.58936,0.97829,74822.106,5.55393742970343,-0.055,-0.071,0.088,0.108,0.033
New Zealand,2016-07-01,NZD,6.0,1.421363087,4.22130000059584,-0.16244,0.00373,0.07134,0.21762,0.51558,37044.891,4.05420393992199,-0.009,-0.025,0.142,0.163,0.084
Pakistan,2016-07-01,PKR,375.0,104.82,3.57756153405839,-0.29017,-0.14934,-0.09204,0.03193,0.28446,1449.978,2.64110657178735,0.29,0.269,0.486,0.513,0.411
Peru,2016-07-01,PEN,10.0,3.30585,3.02494063554003,-0.39981,-0.28074,-0.23229,-0.12747,0.08605,6021.104,2.8225776185072,0.02,0.004,0.175,0.197,0.116
Philippines,2016-07-01,PHP,133.0,47.115,2.82288018677704,-0.4399,-0.32879,-0.28357,-0.18575,0.01351,2858.144,2.69700994394889,-0.003,-0.02,0.148,0.169,0.09
Poland,2016-07-01,PLN,9.6,3.96565,2.42078852142776,-0.51968,-0.42439,-0.38562,-0.30173,-0.13086,12495.334,3.07960078846686,-0.252,-0.264,-0.138,-0.122,-0.181
Russia,2016-07-01,RUB,130.0,63.40755,2.05022903423961,-0.59321,-0.5125,-0.47967,-0.40862,-0.2639,9054.914,2.94301811309193,-0.337,-0.348,-0.236,-0.222,-0.274
Saudi Arabia,2016-07-01,SAR,12.0,3.7505,3.19957339021464,-0.36516,-0.23922,-0.18797,-0.0771,0.14875,20812.586,3.40979086116945,-0.107,-0.121,0.029,0.048,-0.023
Sweden,2016-07-01,SEK,44.94,8.59485,5.22871254297632,0.03744,0.24327,0.32701,0.5082,0.87728,49866.266,4.56320507916814,0.091,0.073,0.257,0.28,0.193
Thailand,2016-07-01,THB,119.0,34.965,3.4034034034034,-0.32472,-0.19075,-0.13624,-0.0183,0.22193,5742.282,2.81150854708179,0.153,0.134,0.328,0.352,0.261
Turkey,2016-07-01,TRY,10.75,3.04305,3.53263995005011,-0.29908,-0.16002,-0.10344,0.01898,0.26833,9437.372,2.95820147351262,0.137,0.118,0.31,0.334,0.244
Taiwan,2016-07-01,TWD,69.0,32.029,2.15429766773861,-0.57256,-0.48776,-0.45325,-0.3786,-0.22654,22287.562,3.46834655151941,-0.409,-0.418,-0.319,-0.306,-0.353
Ukraine,2016-07-01,UAH,39.0,24.8,1.57258064516129,-0.68798,-0.62608,-0.60089,-0.5464,-0.43539,,,,,,,
Uruguay,2016-07-01,UYU,123.0,30.165,4.07757334659373,-0.19096,-0.03045,0.03486,0.17616,0.46398,,,,,,,
United States of America,2016-07-01,USD,5.04,1.0,5.04,0.0,0.19839,0.27912,0.45377,0.80952,55805.204,4.79897746769216,0.0,-0.016,0.152,0.173,0.094
Vietnam,2016-07-01,VND,60000.0,22300.0,2.69058295964126,-0.46615,-0.36024,-0.31715,-0.22391,-0.03399,,,,,,,
South Africa,2016-07-01,ZAR,30.0,14.27375,2.10176022418776,-0.58298,-0.50025,-0.46659,-0.39376,-0.2454,5694.572,2.80961448779771,-0.288,-0.299,-0.18,-0.164,-0.221
Andorra,2016-01-01,EUR,3.72,0.930232558,3.99900000059985,-0.18884,0.0,-0.05279,0.28233,0.49013,40001.31716,3.74022744925321,-0.075,0.0,0.0,0.235,0.018
Spain,2016-01-01,EUR,3.72,0.930232558,3.99900000059985,-0.18884,0.0,-0.05279,0.28233,0.49013,40001.31716,3.74022744925321,-0.075,0.0,0.0,0.235,0.018
Guadeloupe,2016-01-01,EUR,3.72,0.930232558,3.99900000059985,-0.18884,0.0,-0.05279,0.28233,0.49013,40001.31716,3.74022744925321,-0.075,0.0,0.0,0.235,0.018
Ireland,2016-01-01,EUR,3.72,0.930232558,3.99900000059985,-0.18884,0.0,-0.05279,0.28233,0.49013,40001.31716,3.74022744925321,-0.075,0.0,0.0,0.235,0.018
Italy,2016-01-01,EUR,3.72,0.930232558,3.99900000059985,-0.18884,0.0,-0.05279,0.28233,0.49013,40001.31716,3.74022744925321,-0.075,0.0,0.0,0.235,0.018
Austria,2016-01-01,EUR,3.72,0.930232558,3.99900000059985,-0.18884,0.0,-0.05279,0.28233,0.49013,40001.31716,3.74022744925321,-0.075,0.0,0.0,0.235,0.018
Greece,2016-01-01,EUR,3.72,0.930232558,3.99900000059985,-0.18884,0.0,-0.05279,0.28233,0.49013,40001.31716,3.74022744925321,-0.075,0.0,0.0,0.235,0.018
Croatia,2016-01-01,EUR,3.72,0.930232558,3.99900000059985,-0.18884,0.0,-0.05279,0.28233,0.49013,40001.31716,3.74022744925321,-0.075,0.0,0.0,0.235,0.018
Cyprus,2016-01-01,EUR,3.72,0.930232558,3.99900000059985,-0.18884,0.0,-0.05279,0.28233,0.49013,40001.31716,3.74022744925321,-0.075,0.0,0.0,0.235,0.018
Latvia,2016-01-01,EUR,3.72,0.930232558,3.99900000059985,-0.18884,0.0,-0.05279,0.28233,0.49013,40001.31716,3.74022744925321,-0.075,0.0,0.0,0.235,0.018
Lithuania,2016-01-01,EUR,3.72,0.930232558,3.99900000059985,-0.18884,0.0,-0.05279,0.28233,0.49013,40001.31716,3.74022744925321,-0.075,0.0,0.0,0.235,0.018
Luxembourg,2016-01-01,EUR,3.72,0.930232558,3.99900000059985,-0.18884,0.0,-0.05279,0.28233,0.49013,40001.31716,3.74022744925321,-0.075,0.0,0.0,0.235,0.018
Malta,2016-01-01,EUR,3.72,0.930232558,3.99900000059985,-0.18884,0.0,-0.05279,0.28233,0.49013,40001.31716,3.74022744925321,-0.075,0.0,0.0,0.235,0.018
Martinique,2016-01-01,EUR,3.72,0.930232558,3.99900000059985,-0.18884,0.0,-0.05279,0.28233,0.49013,40001.31716,3.74022744925321,-0.075,0.0,0.0,0.235,0.018
Mayotte,2016-01-01,EUR,3.72,0.930232558,3.99900000059985,-0.18884,0.0,-0.05279,0.28233,0.49013,40001.31716,3.74022744925321,-0.075,0.0,0.0,0.235,0.018
Monaco,2016-01-01,EUR,3.72,0.930232558,3.99900000059985,-0.18884,0.0,-0.05279,0.28233,0.49013,40001.31716,3.74022744925321,-0.075,0.0,0.0,0.235,0.018
France,2016-01-01,EUR,3.72,0.930232558,3.99900000059985,-0.18884,0.0,-0.05279,0.28233,0.49013,40001.31716,3.74022744925321,-0.075,0.0,0.0,0.235,0.018
French Guiana,2016-01-01,EUR,3.72,0.930232558,3.99900000059985,-0.18884,0.0,-0.05279,0.28233,0.49013,40001.31716,3.74022744925321,-0.075,0.0,0.0,0.235,0.018
Saint Pierre and Miquelon,2016-01-01,EUR,3.72,0.930232558,3.99900000059985,-0.18884,0.0,-0.05279,0.28233,0.49013,40001.31716,3.74022744925321,-0.075,0.0,0.0,0.235,0.018
Germany,2016-01-01,EUR,3.72,0.930232558,3.99900000059985,-0.18884,0.0,-0.05279,0.28233,0.49013,40001.31716,3.74022744925321,-0.075,0.0,0.0,0.235,0.018
San Marino,2016-01-01,EUR,3.72,0.930232558,3.99900000059985,-0.18884,0.0,-0.05279,0.28233,0.49013,40001.31716,3.74022744925321,-0.075,0.0,0.0,0.235,0.018
Slovakia,2016-01-01,EUR,3.72,0.930232558,3.99900000059985,-0.18884,0.0,-0.05279,0.28233,0.49013,40001.31716,3.74022744925321,-0.075,0.0,0.0,0.235,0.018
Finland,2016-01-01,EUR,3.72,0.930232558,3.99900000059985,-0.18884,0.0,-0.05279,0.28233,0.49013,40001.31716,3.74022744925321,-0.075,0.0,0.0,0.235,0.018
Vatican City,2016-01-01,EUR,3.72,0.930232558,3.99900000059985,-0.18884,0.0,-0.05279,0.28233,0.49013,40001.31716,3.74022744925321,-0.075,0.0,0.0,0.235,0.018
Estonia,2016-01-01,EUR,3.72,0.930232558,3.99900000059985,-0.18884,0.0,-0.05279,0.28233,0.49013,40001.31716,3.74022744925321,-0.075,0.0,0.0,0.235,0.018
French Southern and Antarctic Lands,2016-01-01,EUR,3.72,0.930232558,3.99900000059985,-0.18884,0.0,-0.05279,0.28233,0.49013,40001.31716,3.74022744925321,-0.075,0.0,0.0,0.235,0.018
Netherlands,2016-01-01,EUR,3.72,0.930232558,3.99900000059985,-0.18884,0.0,-0.05279,0.28233,0.49013,40001.31716,3.74022744925321,-0.075,0.0,0.0,0.235,0.018
Belgium,2016-01-01,EUR,3.72,0.930232558,3.99900000059985,-0.18884,0.0,-0.05279,0.28233,0.49013,40001.31716,3.74022744925321,-0.075,0.0,0.0,0.235,0.018
Portugal,2016-01-01,EUR,3.72,0.930232558,3.99900000059985,-0.18884,0.0,-0.05279,0.28233,0.49013,40001.31716,3.74022744925321,-0.075,0.0,0.0,0.235,0.018
Reunion,2016-01-01,EUR,3.72,0.930232558,3.99900000059985,-0.18884,0.0,-0.05279,0.28233,0.49013,40001.31716,3.74022744925321,-0.075,0.0,0.0,0.235,0.018
Slovenia,2016-01-01,EUR,3.72,0.930232558,3.99900000059985,-0.18884,0.0,-0.05279,0.28233,0.49013,40001.31716,3.74022744925321,-0.075,0.0,0.0,0.235,0.018
Montenegro,2016-01-01,EUR,3.72,0.930232558,3.99900000059985,-0.18884,0.0,-0.05279,0.28233,0.49013,40001.31716,3.74022744925321,-0.075,0.0,0.0,0.235,0.018
Andorra,2016-07-01,EUR,3.82,0.908306463,4.20562899815015,-0.16555,0.0,0.06736,0.2131,0.50996,34142.38535,3.93897615175432,0.017,0.0,0.171,0.193,0.112
Spain,2016-07-01,EUR,3.82,0.908306463,4.20562899815015,-0.16555,0.0,0.06736,0.2131,0.50996,34142.38535,3.93897615175432,0.017,0.0,0.171,0.193,0.112
Guadeloupe,2016-07-01,EUR,3.82,0.908306463,4.20562899815015,-0.16555,0.0,0.06736,0.2131,0.50996,34142.38535,3.93897615175432,0.017,0.0,0.171,0.193,0.112
Ireland,2016-07-01,EUR,3.82,0.908306463,4.20562899815015,-0.16555,0.0,0.06736,0.2131,0.50996,34142.38535,3.93897615175432,0.017,0.0,0.171,0.193,0.112
Italy,2016-07-01,EUR,3.82,0.908306463,4.20562899815015,-0.16555,0.0,0.06736,0.2131,0.50996,34142.38535,3.93897615175432,0.017,0.0,0.171,0.193,0.112
Austria,2016-07-01,EUR,3.82,0.908306463,4.20562899815015,-0.16555,0.0,0.06736,0.2131,0.50996,34142.38535,3.93897615175432,0.017,0.0,0.171,0.193,0.112
Greece,2016-07-01,EUR,3.82,0.908306463,4.20562899815015,-0.16555,0.0,0.06736,0.2131,0.50996,34142.38535,3.93897615175432,0.017,0.0,0.171,0.193,0.112
Croatia,2016-07-01,EUR,3.82,0.908306463,4.20562899815015,-0.16555,0.0,0.06736,0.2131,0.50996,34142.38535,3.93897615175432,0.017,0.0,0.171,0.193,0.112
Cyprus,2016-07-01,EUR,3.82,0.908306463,4.20562899815015,-0.16555,0.0,0.06736,0.2131,0.50996,34142.38535,3.93897615175432,0.017,0.0,0.171,0.193,0.112
Latvia,2016-07-01,EUR,3.82,0.908306463,4.20562899815015,-0.16555,0.0,0.06736,0.2131,0.50996,34142.38535,3.93897615175432,0.017,0.0,0.171,0.193,0.112
Lithuania,2016-07-01,EUR,3.82,0.908306463,4.20562899815015,-0.16555,0.0,0.06736,0.2131,0.50996,34142.38535,3.93897615175432,0.017,0.0,0.171,0.193,0.112
Luxembourg,2016-07-01,EUR,3.82,0.908306463,4.20562899815015,-0.16555,0.0,0.06736,0.2131,0.50996,34142.38535,3.93897615175432,0.017,0.0,0.171,0.193,0.112
Malta,2016-07-01,EUR,3.82,0.908306463,4.20562899815015,-0.16555,0.0,0.06736,0.2131,0.50996,34142.38535,3.93897615175432,0.017,0.0,0.171,0.193,0.112
Martinique,2016-07-01,EUR,3.82,0.908306463,4.20562899815015,-0.16555,0.0,0.06736,0.2131,0.50996,34142.38535,3.93897615175432,0.017,0.0,0.171,0.193,0.112
Mayotte,2016-07-01,EUR,3.82,0.908306463,4.20562899815015,-0.16555,0.0,0.06736,0.2131,0.50996,34142.38535,3.93897615175432,0.017,0.0,0.171,0.193,0.112
Monaco,2016-07-01,EUR,3.82,0.908306463,4.20562899815015,-0.16555,0.0,0.06736,0.2131,0.50996,34142.38535,3.93897615175432,0.017,0.0,0.171,0.193,0.112
France,2016-07-01,EUR,3.82,0.908306463,4.20562899815015,-0.16555,0.0,0.06736,0.2131,0.50996,34142.38535,3.93897615175432,0.017,0.0,0.171,0.193,0.112
French Guiana,2016-07-01,EUR,3.82,0.908306463,4.20562899815015,-0.16555,0.0,0.06736,0.2131,0.50996,34142.38535,3.93897615175432,0.017,0.0,0.171,0.193,0.112
Saint Pierre and Miquelon,2016-07-01,EUR,3.82,0.908306463,4.20562899815015,-0.16555,0.0,0.06736,0.2131,0.50996,34142.38535,3.93897615175432,0.017,0.0,0.171,0.193,0.112
Germany,2016-07-01,EUR,3.82,0.908306463,4.20562899815015,-0.16555,0.0,0.06736,0.2131,0.50996,34142.38535,3.93897615175432,0.017,0.0,0.171,0.193,0.112
San Marino,2016-07-01,EUR,3.82,0.908306463,4.20562899815015,-0.16555,0.0,0.06736,0.2131,0.50996,34142.38535,3.93897615175432,0.017,0.0,0.171,0.193,0.112
Slovakia,2016-07-01,EUR,3.82,0.908306463,4.20562899815015,-0.16555,0.0,0.06736,0.2131,0.50996,34142.38535,3.93897615175432,0.017,0.0,0.171,0.193,0.112
Finland,2016-07-01,EUR,3.82,0.908306463,4.20562899815015,-0.16555,0.0,0.06736,0.2131,0.50996,34142.38535,3.93897615175432,0.017,0.0,0.171,0.193,0.112
Vatican City,2016-07-01,EUR,3.82,0.908306463,4.20562899815015,-0.16555,0.0,0.06736,0.2131,0.50996,34142.38535,3.93897615175432,0.017,0.0,0.171,0.193,0.112
Estonia,2016-07-01,EUR,3.82,0.908306463,4.20562899815015,-0.16555,0.0,0.06736,0.2131,0.50996,34142.38535,3.93897615175432,0.017,0.0,0.171,0.193,0.112
French Southern and Antarctic Lands,2016-07-01,EUR,3.82,0.908306463,4.20562899815015,-0.16555,0.0,0.06736,0.2131,0.50996,34142.38535,3.93897615175432,0.017,0.0,0.171,0.193,0.112
Netherlands,2016-07-01,EUR,3.82,0.908306463,4.20562899815015,-0.16555,0.0,0.06736,0.2131,0.50996,34142.38535,3.93897615175432,0.017,0.0,0.171,0.193,0.112
Belgium,2016-07-01,EUR,3.82,0.908306463,4.20562899815015,-0.16555,0.0,0.06736,0.2131,0.50996,34142.38535,3.93897615175432,0.017,0.0,0.171,0.193,0.112
Portugal,2016-07-01,EUR,3.82,0.908306463,4.20562899815015,-0.16555,0.0,0.06736,0.2131,0.50996,34142.38535,3.93897615175432,0.017,0.0,0.171,0.193,0.112
Reunion,2016-07-01,EUR,3.82,0.908306463,4.20562899815015,-0.16555,0.0,0.06736,0.2131,0.50996,34142.38535,3.93897615175432,0.017,0.0,0.171,0.193,0.112
Slovenia,2016-07-01,EUR,3.82,0.908306463,4.20562899815015,-0.16555,0.0,0.06736,0.2131,0.50996,34142.38535,3.93897615175432,0.017,0.0,0.171,0.193,0.112
Montenegro,2016-07-01,EUR,3.82,0.908306463,4.20562899815015,-0.16555,0.0,0.06736,0.2131,0.50996,34142.38535,3.93897615175432,0.017,0.0,0.171,0.193,0.112
