name,date,currency_code,local_price,dollar_ex,dollar_price,usd_raw,eur_raw,gbp_raw,jpy_raw,cny_raw,gdp_dollar,adj_price,usd_adjusted,eur_adjusted,gbp_adjusted,jpy_adjusted,cny_adjusted
United Arab Emirates,2015-01-01,AED,13.0,3.67305,3.53929295816828,-0.26111,-0.16993,-0.18977,0.1265,0.27816,,,,,,,
Argentina,2015-01-01,ARS,28.0,8.61,3.2520325203252,-0.32108,-0.2373,-0.25553,0.03507,0.17442,14708.613,3.1121515019948,0.005,-0.008,-0.025,0.344,0.06
Australia,2015-01-01,AUD,5.3,1.227219734,4.31870499892076,-0.09839,0.01287,-0.01134,0.37457,0.55963,64578.19,5.06120222476087,-0.179,-0.19,-0.204,0.097,-0.134
Brazil,2015-01-01,BRL,13.5,2.59275,5.20682672837721,0.08702,0.22116,0.19197,0.65725,0.88036,11172.523,2.97395063515637,0.685,0.662,0.634,1.252,0.776
Canada,2015-01-01,CAD,5.7,1.22855,4.63961580725245,-0.0314,0.08813,0.06213,0.47671,0.67552,52037.148,4.57106117194345,-0.023,-0.036,-0.053,0.305,0.03
Switzerland,2015-01-01,CHF,6.5,0.86165,7.54366622178379,0.57488,0.76922,0.72694,1.40103,1.72427,81276.126,5.71380700281025,0.27,0.253,0.232,0.698,0.339
Chile,2015-01-01,CLP,2100.0,627.485,3.34669354645928,-0.30132,-0.2151,-0.23386,0.0652,0.2086,15775.713,3.1538569294594,0.021,0.007,-0.01,0.365,0.077
China,2015-01-01,CNY,17.2,6.2115,2.76905739354423,-0.42191,-0.35057,-0.36609,-0.11865,0.0,6958.686,2.80926140888785,-0.052,-0.064,-0.08,0.268,0.0
Colombia,2015-01-01,COP,7900.0,2364.98,3.34040879838307,-0.30263,-0.21657,-0.2353,0.0632,0.20633,8030.715,2.85115947626621,0.127,0.112,0.093,0.507,0.189
Costa Rica,2015-01-01,CRC,2150.0,536.09,4.01052062153743,-0.16273,-0.05941,-0.08189,0.27648,0.44833,,,,,,,
Czech Republic,2015-01-01,CZK,70.45,24.13325,2.91920897516911,-0.39056,-0.31536,-0.33172,-0.07086,0.05422,18871.009,3.27483026167706,-0.142,-0.154,-0.168,0.146,-0.096
Denmark,2015-01-01,DKK,34.5,6.4174,5.37600897559759,0.12234,0.26084,0.23071,0.7111,0.94146,59129.127,4.84823670916109,0.067,0.053,0.035,0.426,0.125
Egypt,2015-01-01,EGP,16.93,7.35005,2.3033856912538,-0.51913,-0.45979,-0.4727,-0.26687,-0.16817,3242.857,2.66403580975905,-0.168,-0.179,-0.193,0.112,-0.123
Euro area,2015-01-01,EUR,3.68,0.863073404,4.26383200194175,-0.10985,0.0,-0.0239,0.35711,0.53981,38643.6391,4.04760318869409,0.014,0.0,-0.017,0.355,0.069
United Kingdom,2015-01-01,GBP,2.89,0.661594443,4.36823499740308,-0.08805,0.02449,0.0,0.39034,0.57752,39371.653,4.07605612740617,0.031,0.017,0.0,0.378,0.087
Hong Kong,2015-01-01,HKD,18.8,7.75135,2.42538396537377,-0.49366,-0.43117,-0.44477,-0.22804,-0.12411,37955.448,4.02070664291315,-0.42,-0.427,-0.437,-0.224,-0.388
Hungary,2015-01-01,HUF,860.0,271.39345,3.16883108269562,-0.33845,-0.25681,-0.27457,0.00859,0.14437,13387.975,3.0605370588161,-0.004,-0.017,-0.034,0.332,0.05
Indonesia,2015-01-01,IDR,27939.0,12480.0,2.23870192307692,-0.53263,-0.47496,-0.4875,-0.28746,-0.19153,3509.824,2.67446967055367,-0.195,-0.205,-0.219,0.077,-0.151
India,2015-01-01,INR,116.25,61.615,1.88671589710298,-0.60611,-0.55751,-0.56808,-0.39949,-0.31864,1509.495,2.59629089066909,-0.301,-0.31,-0.322,-0.065,-0.263
Israel,2015-01-01,ILS,17.5,3.93415,4.44822896940889,-0.07135,0.04325,0.01831,0.4158,0.60641,36926.33,3.98048566446548,0.075,0.061,0.043,0.437,0.134
Japan,2015-01-01,JPY,370.0,117.765,3.14185029507918,-0.34408,-0.26314,-0.28075,0.0,0.13463,38467.786,4.04073032888106,-0.252,-0.262,-0.274,0.0,-0.211
South Korea,2015-01-01,KRW,4100.0,1083.3,3.78473183790271,-0.20987,-0.11236,-0.13358,0.20462,0.36679,25975.068,3.55247792106111,0.025,0.011,-0.006,0.37,0.081
Sri Lanka,2015-01-01,LKR,350.0,131.875,2.65402843601896,-0.44592,-0.37755,-0.39243,-0.15527,-0.04154,,,,,,,
Mexico,2015-01-01,MXN,49.0,14.6275,3.34985472568792,-0.30066,-0.21436,-0.23313,0.0662,0.20975,10649.907,2.95352525451741,0.091,0.077,0.058,0.459,0.151
Malaysia,2015-01-01,MYR,7.63,3.6155,2.11035818005808,-0.55942,-0.50506,-0.51689,-0.32831,-0.23788,10456.887,2.94598146142471,-0.311,-0.32,-0.332,-0.079,-0.273
Norway,2015-01-01,NOK,48.0,7.6225,6.29714660544441,0.31464,0.47687,0.44158,1.00428,1.27411,100578.968,6.46821921993292,-0.063,-0.076,-0.092,0.252,-0.012
New Zealand,2015-01-01,NZD,5.9,1.313283866,4.49255500105261,-0.0621,0.05364,0.02846,0.42991,0.62241,40515.94,4.12077825136567,0.049,0.035,0.017,0.402,0.106
Pakistan,2015-01-01,PKR,300.0,100.735,2.97811088499528,-0.37826,-0.30154,-0.31823,-0.05212,0.0755,1274.756,2.58711659553498,0.108,0.093,0.074,0.48,0.168
Peru,2015-01-01,PEN,10.0,3.008,3.32446808510638,-0.30596,-0.22031,-0.23894,0.05812,0.20058,6540.989,2.79293657341256,0.145,0.13,0.111,0.531,0.208
Philippines,2015-01-01,PHP,163.0,44.41,3.67034451700068,-0.23375,-0.13919,-0.15976,0.16821,0.32549,2790.878,2.64637113222177,0.334,0.317,0.294,0.784,0.407
Poland,2015-01-01,PLN,9.2,3.7066,2.48205902983867,-0.48182,-0.41788,-0.43179,-0.21,-0.10364,13435.263,3.06238521386619,-0.22,-0.231,-0.244,0.042,-0.178
Russia,2015-01-01,RUB,89.0,65.227,1.36446563539639,-0.71514,-0.67999,-0.68764,-0.56571,-0.50725,14591.33,3.10756773510385,-0.578,-0.583,-0.59,-0.435,-0.555
Saudi Arabia,2015-01-01,SAR,11.0,3.7569,2.92794591285368,-0.38874,-0.31331,-0.32972,-0.06808,0.05738,24953.086,3.51253583862167,-0.198,-0.209,-0.222,0.072,-0.154
Sweden,2015-01-01,SEK,40.7,8.19145,4.96859530363977,0.03729,0.16529,0.13744,0.58142,0.79433,58014.168,4.8046608102758,-0.005,-0.018,-0.035,0.33,0.049
Thailand,2015-01-01,THB,99.0,32.605,3.03634411900015,-0.36611,-0.28788,-0.3049,-0.03358,0.09653,5675.8,2.75912242564509,0.059,0.045,0.027,0.415,0.116
Turkey,2015-01-01,TRY,9.25,2.33345,3.96408750991022,-0.17242,-0.0703,-0.09252,0.2617,0.43157,10721.063,2.95630624167575,0.29,0.273,0.251,0.725,0.36
Taiwan,2015-01-01,TWD,79.0,31.493,2.50849395103674,-0.47631,-0.41168,-0.42574,-0.20159,-0.0941,20924.921,3.35510322384992,-0.281,-0.29,-0.302,-0.038,-0.241
Ukraine,2015-01-01,UAH,19.0,15.822,1.20085956263431,-0.7493,-0.71836,-0.72509,-0.61779,-0.56633,,,,,,,
Uruguay,2015-01-01,UYU,113.0,24.425,4.62640736949846,-0.03415,0.08504,0.0591,0.47251,0.67075,,,,,,,
United States of America,2015-01-01,USD,4.79,1.0,4.79,0.0,0.1234,0.09655,0.52458,0.72983,53000.972,4.60873026754896,0.0,-0.013,-0.03,0.337,0.054
Vietnam,2015-01-01,VND,60000.0,21380.0,2.80636108512629,-0.41412,-0.34182,-0.35755,-0.10678,0.01347,,,,,,,
South Africa,2015-01-01,ZAR,25.5,11.47875,2.22149624305782,-0.53622,-0.47899,-0.49144,-0.29293,-0.19774,6621.122,2.79606840830997,-0.236,-0.246,-0.259,0.022,-0.194
United Arab Emirates,2015-07-01,AED,13.0,3.67295,3.53938931921208,-0.26109,-0.12692,-0.21564,0.18555,0.29275,,,,,,,
Argentina,2015-07-01,ARS,28.0,9.135,3.06513409961686,-0.3601,-0.24391,-0.32074,0.0267,0.11953,12873.16,2.96980358360127,-0.048,-0.004,-0.06,0.309,0.05
Australia,2015-07-01,AUD,5.3,1.35126005,3.92226499999019,-0.18116,-0.03247,-0.13079,0.3138,0.4326,61219.156,4.65038936583375,-0.222,-0.186,-0.232,0.069,-0.142
Brazil,2015-07-01,BRL,13.5,3.15235,4.28251939029613,-0.10595,0.05639,-0.05095,0.43447,0.56418,11604.471,2.92570188187038,0.351,0.413,0.333,0.856,0.49
Canada,2015-07-01,CAD,5.85,1.2897,4.53593859036985,-0.05304,0.11891,0.00521,0.51936,0.65674,50397.862,4.27422351247626,-0.021,0.025,-0.034,0.346,0.08
Switzerland,2015-07-01,CHF,6.5,0.9528,6.82199832073888,0.42422,0.68282,0.51182,1.28509,1.49171,87475.464,5.56310151512357,0.132,0.184,0.117,0.555,0.248
Chile,2015-07-01,CLP,2100.0,642.45,3.26873686668223,-0.31759,-0.19368,-0.27562,0.09489,0.1939,14477.099,3.02555912288043,-0.003,0.043,-0.016,0.37,0.099
China,2015-07-01,CNY,17.0,6.2092,2.73787283385943,-0.42842,-0.32463,-0.39326,-0.08292,0.0,7588.996,2.78611741258134,-0.093,-0.051,-0.105,0.246,0.0
Colombia,2015-07-01,COP,7900.0,2708.9,2.91631289453284,-0.39117,-0.28062,-0.35372,-0.02315,0.06517,8075.644,2.80303409188094,-0.04,0.004,-0.053,0.319,0.059
Costa Rica,2015-07-01,CRC,2150.0,533.3,4.03150196887306,-0.15835,-0.00553,-0.10658,0.35039,0.47249,,,,,,,
Czech Republic,2015-07-01,CZK,70.0,24.70225,2.83374996204799,-0.4084,-0.30098,-0.37201,-0.05081,0.03502,19563.33,3.20236481954557,-0.183,-0.146,-0.194,0.122,-0.1
Denmark,2015-07-01,DKK,34.59,6.81105,5.07851212368137,0.06023,0.25275,0.12545,0.7011,0.85491,60563.623,4.62760196810211,0.013,0.06,-0.001,0.391,0.117
Egypt,2015-07-01,EGP,16.93,7.83005,2.16218287239545,-0.5486,-0.46664,-0.52084,-0.27576,-0.21027,3303.752,2.63715533225111,-0.243,-0.208,-0.253,0.04,-0.166
Euro area,2015-07-01,EUR,3.7,0.912700224,4.05390499827466,-0.15367,0.0,-0.10162,0.35789,0.48068,40028.39054,3.91376374854997,-0.044,0.0,-0.057,0.313,0.054
United Kingdom,2015-07-01,GBP,2.89,0.640450877,4.51244600294302,-0.05794,0.11311,0.0,0.51149,0.64816,45653.41,4.10929861206291,0.013,0.06,0.0,0.392,0.117
Hong Kong,2015-07-01,HKD,19.2,7.7508,2.47716364762347,-0.48285,-0.38894,-0.45104,-0.17025,-0.09522,39871.096,3.90829593343769,-0.415,-0.388,-0.423,-0.196,-0.355
Hungary,2015-07-01,HUF,900.0,282.8778,3.18158582964093,-0.33579,-0.21518,-0.29493,0.0657,0.16206,13881.131,3.00484230183354,-0.023,0.022,-0.036,0.342,0.077
Indonesia,2015-07-01,IDR,30500.0,13344.5,2.28558582187418,-0.52284,-0.4362,-0.49349,-0.23442,-0.1652,3533.529,2.64514275605522,-0.203,-0.166,-0.213,0.096,-0.121
India,2015-07-01,INR,116.25,63.43,1.83272899259026,-0.61738,-0.54791,-0.59385,-0.38611,-0.3306,1626.982,2.57886806846045,-0.344,-0.314,-0.353,-0.099,-0.277
Israel,2015-07-01,ILS,17.5,3.77835,4.63165138221711,-0.03306,0.14252,0.02642,0.55142,0.6917,36990.982,3.80817846684111,0.122,0.174,0.108,0.542,0.238
Japan,2015-07-01,JPY,370.0,123.935,2.98543591398717,-0.37674,-0.26357,-0.3384,0.0,0.09042,36331.742,3.785262207735,-0.272,-0.239,-0.282,0.0,-0.197
South Korea,2015-07-01,KRW,4300.0,1143.5,3.76038478355925,-0.21495,-0.0724,-0.16666,0.25958,0.37347,28100.717,3.4991383353837,-0.008,0.038,-0.021,0.363,0.094
Sri Lanka,2015-07-01,LKR,350.0,133.85,2.61486738886814,-0.4541,-0.35498,-0.42052,-0.12413,-0.04493,,,,,,,
Mexico,2015-07-01,MXN,49.0,15.73975,3.1131371209835,-0.35008,-0.23206,-0.3101,0.04277,0.13706,10714.826,2.89477636865447,-0.008,0.038,-0.021,0.364,0.094
Malaysia,2015-07-01,MYR,7.65,3.8065,2.00972021542099,-0.58043,-0.50425,-0.55463,-0.32683,-0.26596,10803.525,2.89785969076243,-0.36,-0.33,-0.368,-0.121,-0.294
Norway,2015-07-01,NOK,46.0,8.14255,5.6493358960031,0.1794,0.39355,0.25195,0.8923,1.0634,97013.261,5.89465091648494,-0.116,-0.075,-0.127,0.215,-0.025
New Zealand,2015-07-01,NZD,5.9,1.509092281,3.90963499998182,-0.18379,-0.03559,-0.13359,0.30957,0.42798,43837.294,4.04616745372489,-0.108,-0.067,-0.12,0.225,-0.017
Pakistan,2015-07-01,PKR,350.0,101.7,3.44149459193707,-0.28153,-0.15107,-0.23733,0.15276,0.257,1342.73,2.56898700468485,0.236,0.293,0.22,0.699,0.363
Peru,2015-07-01,PEN,10.0,3.1835,3.14119679597927,-0.34422,-0.22514,-0.30388,0.05217,0.14731,6458.287,2.74681212100678,0.055,0.104,0.041,0.45,0.164
Philippines,2015-07-01,PHP,163.0,45.2125,3.6051976776334,-0.24735,-0.11069,-0.20105,0.2076,0.31679,2865.485,2.62192045552995,0.269,0.327,0.252,0.743,0.399
Poland,2015-07-01,PLN,9.6,3.7736,2.5439898240407,-0.4689,-0.37246,-0.43623,-0.14787,-0.07082,14378.622,3.02213590152251,-0.223,-0.187,-0.233,0.067,-0.143
Russia,2015-07-01,RUB,107.0,56.815,1.88330546510605,-0.60683,-0.53543,-0.58264,-0.36917,-0.31213,12925.964,2.97163913688359,-0.415,-0.388,-0.423,-0.196,-0.355
Saudi Arabia,2015-07-01,SAR,12.0,3.75055,3.19953073549213,-0.33204,-0.21075,-0.29095,0.07171,0.16862,24454.016,3.37237305263613,-0.125,-0.084,-0.136,0.203,-0.035
Sweden,2015-07-01,SEK,43.7,8.52265,5.12751315611928,0.07046,0.26483,0.1363,0.71751,0.87281,58491.468,4.55557047594748,0.039,0.087,0.025,0.427,0.145
Thailand,2015-07-01,THB,108.0,34.0875,3.16831683168317,-0.33856,-0.21845,-0.29787,0.06126,0.15722,5444.556,2.71157317576697,0.078,0.128,0.064,0.481,0.189
Turkey,2015-07-01,TRY,10.25,2.6457,3.8742109838606,-0.19119,-0.04433,-0.14144,0.2977,0.41504,10482.14,2.88668782325922,0.238,0.296,0.222,0.702,0.366
Taiwan,2015-07-01,TWD,79.0,31.02,2.54674403610574,-0.46832,-0.37178,-0.43562,-0.14694,-0.06981,22597.73,3.30784551949032,-0.29,-0.257,-0.299,-0.024,-0.217
Ukraine,2015-07-01,UAH,34.0,21.95,1.54897494305239,-0.67662,-0.61791,-0.65673,-0.48116,-0.43424,,,,,,,
Uruguay,2015-07-01,UYU,113.0,27.345,4.13238251965624,-0.13729,0.01936,-0.08423,0.38418,0.50934,,,,,,,
United States of America,2015-07-01,USD,4.79,1.0,4.79,0.0,0.18158,0.06151,0.60446,0.74953,54596.653,4.42018034532682,0.0,0.046,-0.013,0.374,0.103
Vietnam,2015-07-01,VND,60000.0,21810.0,2.75103163686382,-0.42567,-0.32139,-0.39035,-0.07852,0.00481,,,,,,,
South Africa,2015-07-01,ZAR,26.0,12.41455,2.0943167492982,-0.56277,-0.48338,-0.53588,-0.29849,-0.23506,6482.753,2.74766259912597,-0.297,-0.264,-0.306,-0.034,-0.224
Andorra,2015-01-01,EUR,3.68,0.863073404,4.26383200194175,-0.10985,0.0,-0.0239,0.35711,0.53981,38643.6391,4.04760318869409,0.014,0.0,-0.017,0.355,0.069
Spain,2015-01-01,EUR,3.68,0.863073404,4.26383200194175,-0.10985,0.0,-0.0239,0.35711,0.53981,38643.6391,4.04760318869409,0.014,0.0,-0.017,0.355,0.069
Guadeloupe,2015-01-01,EUR,3.68,0.863073404,4.26383200194175,-0.10985,0.0,-0.0239,0.35711,0.53981,38643.6391,4.04760318869409,0.014,0.0,-0.017,0.355,0.069
Ireland,2015-01-01,EUR,3.68,0.863073404,4.26383200194175,-0.10985,0.0,-0.0239,0.35711,0.53981,38643.6391,4.04760318869409,0.014,0.0,-0.017,0.355,0.069
Italy,2015-01-01,EUR,3.68,0.863073404,4.26383200194175,-0.10985,0.0,-0.0239,0.35711,0.53981,38643.6391,4.04760318869409,0.014,0.0,-0.017,0.355,0.069
Austria,2015-01-01,EUR,3.68,0.863073404,4.26383200194175,-0.10985,0.0,-0.0239,0.35711,0.53981,38643.6391,4.04760318869409,0.014,0.0,-0.017,0.355,0.069
Greece,2015-01-01,EUR,3.68,0.863073404,4.26383200194175,-0.10985,0.0,-0.0239,0.35711,0.53981,38643.6391,4.04760318869409,0.014,0.0,-0.017,0.355,0.069
Croatia,2015-01-01,EUR,3.68,0.863073404,4.26383200194175,-0.10985,0.0,-0.0239,0.35711,0.53981,38643.6391,4.04760318869409,0.014,0.0,-0.017,0.355,0.069
Cyprus,2015-01-01,EUR,3.68,0.863073404,4.26383200194175,-0.10985,0.0,-0.0239,0.35711,0.53981,38643.6391,4.04760318869409,0.014,0.0,-0.017,0.355,0.069
Latvia,2015-01-01,EUR,3.68,0.863073404,4.26383200194175,-0.10985,0.0,-0.0239,0.35711,0.53981,38643.6391,4.04760318869409,0.014,0.0,-0.017,0.355,0.069
Lithuania,2015-01-01,EUR,3.68,0.863073404,4.26383200194175,-0.10985,0.0,-0.0239,0.35711,0.53981,38643.6391,4.04760318869409,0.014,0.0,-0.017,0.355,0.069
Luxembourg,2015-01-01,EUR,3.68,0.863073404,4.26383200194175,-0.10985,0.0,-0.0239,0.35711,0.53981,38643.6391,4.04760318869409,0.014,0.0,-0.017,0.355,0.069
Malta,2015-01-01,EUR,3.68,0.863073404,4.26383200194175,-0.10985,0.0,-0.0239,0.35711,0.53981,38643.6391,4.04760318869409,0.014,0.0,-0.017,0.355,0.069
Martinique,2015-01-01,EUR,3.68,0.863073404,4.26383200194175,-0.10985,0.0,-0.0239,0.35711,0.53981,38643.6391,4.04760318869409,0.014,0.0,-0.017,0.355,0.069
Mayotte,2015-01-01,EUR,3.68,0.863073404,4.26383200194175,-0.10985,0.0,-0.0239,0.35711,0.53981,38643.6391,4.04760318869409,0.014,0.0,-0.017,0.355,0.069
Monaco,2015-01-01,EUR,3.68,0.863073404,4.26383200194175,-0.10985,0.0,-0.0239,0.35711,0.53981,38643.6391,4.04760318869409,0.014,0.0,-0.017,0.355,0.069
France,2015-01-01,EUR,3.68,0.863073404,4.26383200194175,-0.10985,0.0,-0.0239,0.35711,0.53981,38643.6391,4.04760318869409,0.014,0.0,-0.017,0.355,0.069
French Guiana,2015-01-01,EUR,3.68,0.863073404,4.26383200194175,-0.10985,0.0,-0.0239,0.35711,0.53981,38643.6391,4.04760318869409,0.014,0.0,-0.017,0.355,0.069
Saint Pierre and Miquelon,2015-01-01,EUR,3.68,0.863073404,4.26383200194175,-0.10985,0.0,-0.0239,0.35711,0.53981,38643.6391,4.04760318869409,0.014,0.0,-0.017,0.355,0.069
Germany,2015-01-01,EUR,3.68,0.863073404,4.26383200194175,-0.10985,0.0,-0.0239,0.35711,0.53981,38643.6391,4.04760318869409,0.014,0.0,-0.017,0.355,0.069
San Marino,2015-01-01,EUR,3.68,0.863073404,4.26383200194175,-0.10985,0.0,-0.0239,0.35711,0.53981,38643.6391,4.04760318869409,0.014,0.0,-0.017,0.355,0.069
Slovakia,2015-01-01,EUR,3.68,0.863073404,4.26383200194175,-0.10985,0.0,-0.0239,0.35711,0.53981,38643.6391,4.04760318869409,0.014,0.0,-0.017,0.355,0.069
Finland,2015-01-01,EUR,3.68,0.863073404,4.26383200194175,-0.10985,0.0,-0.0239,0.35711,0.53981,38643.6391,4.04760318869409,0.014,0.0,-0.017,0.355,0.069
Vatican City,2015-01-01,EUR,3.68,0.863073404,4.26383200194175,-0.10985,0.0,-0.0239,0.35711,0.53981,38643.6391,4.04760318869409,0.014,0.0,-0.017,0.355,0.069
Estonia,2015-01-01,EUR,3.68,0.863073404,4.26383200194175,-0.10985,0.0,-0.0239,0.35711,0.53981,38643.6391,4.04760318869409,0.014,0.0,-0.017,0.355,0.069
French Southern and Antarctic Lands,2015-01-01,EUR,3.68,0.863073404,4.26383200194175,-0.10985,0.0,-0.0239,0.35711,0.53981,38643.6391,4.04760318869409,0.014,0.0,-0.017,0.355,0.069
Netherlands,2015-01-01,EUR,3.68,0.863073404,4.26383200194175,-0.10985,0.0,-0.0239,0.35711,0.53981,38643.6391,4.04760318869409,0.014,0.0,-0.017,0.355,0.069
Belgium,2015-01-01,EUR,3.68,0.863073404,4.26383200194175,-0.10985,0.0,-0.0239,0.35711,0.53981,38643.6391,4.04760318869409,0.014,0.0,-0.017,0.355,0.069
Portugal,2015-01-01,EUR,3.68,0.863073404,4.26383200194175,-0.10985,0.0,-0.0239,0.35711,0.53981,38643.6391,4.04760318869409,0.014,0.0,-0.017,0.355,0.069
Reunion,2015-01-01,EUR,3.68,0.863073404,4.26383200194175,-0.10985,0.0,-0.0239,0.35711,0.53981,38643.6391,4.04760318869409,0.014,0.0,-0.017,0.355,0.069
Slovenia,2015-01-01,EUR,3.68,0.863073404,4.26383200194175,-0.10985,0.0,-0.0239,0.35711,0.53981,38643.6391,4.04760318869409,0.014,0.0,-0.017,0.355,0.069
Montenegro,2015-01-01,EUR,3.68,0.863073404,4.26383200194175,-0.10985,0.0,-0.0239,0.35711,0.53981,38643.6391,4.04760318869409,0.014,0.0,-0.017,0.355,0.069
Andorra,2015-07-01,EUR,3.7,0.912700224,4.05390499827466,-0.15367,0.0,-0.10162,0.35789,0.48068,40028.39054,3.91376374854997,-0.044,0.0,-0.057,0.313,0.054
Spain,2015-07-01,EUR,3.7,0.912700224,4.05390499827466,-0.15367,0.0,-0.10162,0.35789,0.48068,40028.39054,3.91376374854997,-0.044,0.0,-0.057,0.313,0.054
Guadeloupe,2015-07-01,EUR,3.7,0.912700224,4.05390499827466,-0.15367,0.0,-0.10162,0.35789,0.48068,40028.39054,3.91376374854997,-0.044,0.0,-0.057,0.313,0.054
Ireland,2015-07-01,EUR,3.7,0.912700224,4.05390499827466,-0.15367,0.0,-0.10162,0.35789,0.48068,40028.39054,3.91376374854997,-0.044,0.0,-0.057,0.313,0.054
Italy,2015-07-01,EUR,3.7,0.912700224,4.05390499827466,-0.15367,0.0,-0.10162,0.35789,0.48068,40028.39054,3.91376374854997,-0.044,0.0,-0.057,0.313,0.054
Austria,2015-07-01,EUR,3.7,0.912700224,4.05390499827466,-0.15367,0.0,-0.10162,0.35789,0.48068,40028.39054,3.91376374854997,-0.044,0.0,-0.057,0.313,0.054
Greece,2015-07-01,EUR,3.7,0.912700224,4.05390499827466,-0.15367,0.0,-0.10162,0.35789,0.48068,40028.39054,3.91376374854997,-0.044,0.0,-0.057,0.313,0.054
Croatia,2015-07-01,EUR,3.7,0.912700224,4.05390499827466,-0.15367,0.0,-0.10162,0.35789,0.48068,40028.39054,3.91376374854997,-0.044,0.0,-0.057,0.313,0.054
Cyprus,2015-07-01,EUR,3.7,0.912700224,4.05390499827466,-0.15367,0.0,-0.10162,0.35789,0.48068,40028.39054,3.91376374854997,-0.044,0.0,-0.057,0.313,0.054
Latvia,2015-07-01,EUR,3.7,0.912700224,4.05390499827466,-0.15367,0.0,-0.10162,0.35789,0.48068,40028.39054,3.91376374854997,-0.044,0.0,-0.057,0.313,0.054
Lithuania,2015-07-01,EUR,3.7,0.912700224,4.05390499827466,-0.15367,0.0,-0.10162,0.35789,0.48068,40028.39054,3.91376374854997,-0.044,0.0,-0.057,0.313,0.054
Luxembourg,2015-07-01,EUR,3.7,0.912700224,4.05390499827466,-0.15367,0.0,-0.10162,0.35789,0.48068,40028.39054,3.91376374854997,-0.044,0.0,-0.057,0.313,0.054
Malta,2015-07-01,EUR,3.7,0.912700224,4.05390499827466,-0.15367,0.0,-0.10162,0.35789,0.48068,40028.39054,3.91376374854997,-0.044,0.0,-0.057,0.313,0.054
Martinique,2015-07-01,EUR,3.7,0.912700224,4.05390499827466,-0.15367,0.0,-0.10162,0.35789,0.48068,40028.39054,3.91376374854997,-0.044,0.0,-0.057,0.313,0.054
Mayotte,2015-07-01,EUR,3.7,0.912700224,4.05390499827466,-0.15367,0.0,-0.10162,0.35789,0.48068,40028.39054,3.91376374854997,-0.044,0.0,-0.057,0.313,0.054
Monaco,2015-07-01,EUR,3.7,0.912700224,4.05390499827466,-0.15367,0.0,-0.10162,0.35789,0.48068,40028.39054,3.91376374854997,-0.044,0.0,-0.057,0.313,0.054
France,2015-07-01,EUR,3.7,0.912700224,4.05390499827466,-0.15367,0.0,-0.10162,0.35789,0.48068,40028.39054,3.91376374854997,-0.044,0.0,-0.057,0.313,0.054
French Guiana,2015-07-01,EUR,3.7,0.912700224,4.05390499827466,-0.15367,0.0,-0.10162,0.35789,0.48068,40028.39054,3.91376374854997,-0.044,0.0,-0.057,0.313,0.054
Saint Pierre and Miquelon,2015-07-01,EUR,3.7,0.912700224,4.05390499827466,-0.15367,0.0,-0.10162,0.35789,0.48068,40028.39054,3.91376374854997,-0.044,0.0,-0.057,0.313,0.054
Germany,2015-07-01,EUR,3.7,0.912700224,4.05390499827466,-0.15367,0.0,-0.10162,0.35789,0.48068,40028.39054,3.91376374854997,-0.044,0.0,-0.057,0.313,0.054
San Marino,2015-07-01,EUR,3.7,0.912700224,4.05390499827466,-0.15367,0.0,-0.10162,0.35789,0.48068,40028.39054,3.91376374854997,-0.044,0.0,-0.057,0.313,0.054
Slovakia,2015-07-01,EUR,3.7,0.912700224,4.05390499827466,-0.15367,0.0,-0.10162,0.35789,0.48068,40028.39054,3.91376374854997,-0.044,0.0,-0.057,0.313,0.054
Finland,2015-07-01,EUR,3.7,0.912700224,4.05390499827466,-0.15367,0.0,-0.10162,0.35789,0.48068,40028.39054,3.91376374854997,-0.044,0.0,-0.057,0.313,0.054
Vatican City,2015-07-01,EUR,3.7,0.912700224,4.05390499827466,-0.15367,0.0,-0.10162,0.35789,0.48068,40028.39054,3.91376374854997,-0.044,0.0,-0.057,0.313,0.054
Estonia,2015-07-01,EUR,3.7,0.912700224,4.05390499827466,-0.15367,0.0,-0.10162,0.35789,0.48068,40028.39054,3.91376374854997,-0.044,0.0,-0.057,0.313,0.054
French Southern and Antarctic Lands,2015-07-01,EUR,3.7,0.912700224,4.05390499827466,-0.15367,0.0,-0.10162,0.35789,0.48068,40028.39054,3.91376374854997,-0.044,0.0,-0.057,0.313,0.054
Netherlands,2015-07-01,EUR,3.7,0.912700224,4.05390499827466,-0.15367,0.0,-0.10162,0.35789,0.48068,40028.39054,3.91376374854997,-0.044,0.0,-0.057,0.313,0.054
Belgium,2015-07-01,EUR,3.7,0.912700224,4.05390499827466,-0.15367,0.0,-0.10162,0.35789,0.48068,40028.39054,3.91376374854997,-0.044,0.0,-0.057,0.313,0.054
Portugal,2015-07-01,EUR,3.7,0.912700224,4.05390499827466,-0.15367,0.0,-0.10162,0.35789,0.48068,40028.39054,3.91376374854997,-0.044,0.0,-0.057,0.313,0.054
Reunion,2015-07-01,EUR,3.7,0.912700224,4.05390499827466,-0.15367,0.0,-0.10162,0.35789,0.48068,40028.39054,3.91376374854997,-0.044,0.0,-0.057,0.313,0.054
Slovenia,2015-07-01,EUR,3.7,0.912700224,4.05390499827466,-0.15367,0.0,-0.10162,0.35789,0.48068,40028.39054,3.91376374854997,-0.044,0.0,-0.057,0.313,0.054
Montenegro,2015-07-01,EUR,3.7,0.912700224,4.05390499827466,-0.15367,0.0,-0.10162,0.35789,0.48068,40028.39054,3.91376374854997,-0.044,0.0,-0.057,0.313,0.054
